-4.33,8.22,2.63,-4.33,8.22,2.63,-3.07,9.07,-1.67,-3.07,9.07,-1.67,-3.06,9.08,-1.73,-3.06,9.08,-1.73,
-4.44,8.12,2.92,-4.44,8.12,2.92,-2.84,9.01,-1.57,-2.84,9.01,-1.57,-2.90,9.04,-1.58,-2.90,9.04,-1.58,
-4.13,8.01,3.05,-4.13,8.01,3.05,-2.83,9.00,-1.77,-2.83,9.00,-1.77,-2.83,9.03,-1.88,-2.83,9.03,-1.88,
-5.04,8.38,2.65,-5.04,8.38,2.65,-3.03,8.75,-1.67,-3.03,8.75,-1.67,-2.92,8.72,-1.68,-2.92,8.72,-1.68,
-6.24,8.64,-0.75,-6.24,8.64,-0.75,-3.50,9.58,-0.54,-3.50,9.58,-0.54,-3.42,9.63,-0.64,-3.42,9.63,-0.64,
-11.70,8.28,-8.77,-11.70,8.28,-8.77,-3.61,8.79,-1.70,-3.61,8.79,-1.70,-3.58,8.98,-1.86,-3.58,8.98,-1.86,
-16.54,7.77,-5.24,-16.54,7.77,-5.24,-4.14,12.23,1.07,-4.14,12.23,1.07,-3.59,12.11,0.83,-3.59,12.11,0.83,
-8.58,-0.92,-4.49,-8.58,-0.92,-4.49,-7.98,10.39,-4.47,-7.98,10.39,-4.47,-7.78,9.22,-4.70,-7.78,9.22,-4.70,
-4.98,-2.39,-1.34,-4.98,-2.39,-1.34,-4.91,7.08,-2.52,-4.91,7.08,-2.52,-5.06,6.66,-2.72,-5.06,6.66,-2.72,
0.21,-4.20,-1.93,0.21,-4.20,-1.93,-5.13,1.20,-3.43,-5.13,1.20,-3.43,-6.02,2.74,-3.45,-6.02,2.74,-3.45,
0.88,-7.63,-4.32,0.88,-7.63,-4.32,-7.63,1.41,-2.81,-7.63,1.41,-2.81,-7.74,1.41,-2.67,-7.74,1.41,-2.67,
1.02,-9.49,-4.59,1.02,-9.49,-4.59,-8.72,1.16,-2.70,-8.72,1.16,-2.70,-8.69,1.17,-2.75,-8.69,1.17,-2.75,
0.65,-8.87,-4.33,0.65,-8.87,-4.33,-9.11,1.11,-2.37,-9.11,1.11,-2.37,-9.11,1.14,-2.18,-9.11,1.14,-2.18,
0.52,-9.09,-4.27,0.52,-9.09,-4.27,-9.57,1.53,-2.82,-9.57,1.53,-2.82,-9.49,1.50,-2.91,-9.49,1.50,-2.91,
0.36,-8.77,-4.61,0.36,-8.77,-4.61,-9.36,1.50,-2.58,-9.36,1.50,-2.58,-9.41,1.44,-2.53,-9.41,1.44,-2.53,

-4.35,8.44,2.66,-4.35,8.44,2.66,-3.37,8.87,-2.05,-3.37,8.87,-2.05,-3.36,8.89,-1.90,-3.36,8.89,-1.90,
-4.26,8.40,2.59,-4.26,8.40,2.59,-3.33,8.89,-2.29,-3.33,8.89,-2.29,-3.36,8.91,-2.16,-3.36,8.91,-2.16,
-4.14,8.27,2.72,-4.14,8.27,2.72,-3.25,8.89,-2.12,-3.25,8.89,-2.12,-3.36,8.94,-1.97,-3.36,8.94,-1.97,
-6.31,8.56,-0.67,-6.31,8.56,-0.67,-4.49,8.49,-1.23,-4.49,8.49,-1.23,-4.44,8.43,-1.27,-4.44,8.43,-1.27,
-11.65,9.88,-7.19,-11.65,9.88,-7.19,-4.42,9.71,0.56,-4.42,9.71,0.56,-4.83,9.70,0.69,-4.83,9.70,0.69,
-12.88,7.77,-2.92,-12.88,7.77,-2.92,-4.73,7.84,1.27,-4.73,7.84,1.27,-5.32,7.50,2.69,-5.32,7.50,2.69,
-11.66,2.85,-3.07,-11.66,2.85,-3.07,-3.96,12.74,-1.69,-3.96,12.74,-1.69,-3.87,12.79,-1.69,-3.87,12.79,-1.69,
-5.98,-1.39,-1.88,-5.98,-1.39,-1.88,-7.34,6.50,-2.05,-7.34,6.50,-2.05,-7.36,6.54,-2.07,-7.36,6.54,-2.07,
-2.25,-3.97,-2.58,-2.25,-3.97,-2.58,-7.26,4.32,-2.66,-7.26,4.32,-2.66,-7.47,4.30,-2.55,-7.47,4.30,-2.55,
1.40,-6.56,-3.92,1.40,-6.56,-3.92,-7.84,2.02,-2.31,-7.84,2.02,-2.31,-8.01,1.81,-2.45,-8.01,1.81,-2.45,
1.98,-8.47,-4.54,1.98,-8.47,-4.54,-8.96,2.09,-1.43,-8.96,2.09,-1.43,-9.04,2.10,-1.34,-9.04,2.10,-1.34,
-0.83,-8.82,-4.85,-0.83,-8.82,-4.85,-9.21,1.68,-0.77,-9.21,1.68,-0.77,-9.20,1.78,-0.65,-9.20,1.78,-0.65,
-0.77,-8.95,-4.67,-0.77,-8.95,-4.67,-9.23,1.84,-1.50,-9.23,1.84,-1.50,-9.27,1.84,-1.55,-9.27,1.84,-1.55,
-0.66,-8.90,-4.70,-0.66,-8.90,-4.70,-9.57,2.05,-1.52,-9.57,2.05,-1.52,-9.56,2.02,-1.47,-9.56,2.02,-1.47,
-1.13,-8.91,-4.87,-1.13,-8.91,-4.87,-9.35,1.95,-1.74,-9.35,1.95,-1.74,-9.34,2.08,-1.86,-9.34,2.08,-1.86,
-0.97,-8.62,-5.03,-0.97,-8.62,-5.03,-9.27,2.28,-1.98,-9.27,2.28,-1.98,-9.21,2.25,-1.87,-9.21,2.25,-1.87,
-1.03,-5.11,-2.80,-1.03,-5.11,-2.80,-6.67,1.95,-3.19,-6.67,1.95,-3.19,-6.50,1.90,-3.10,-6.50,1.90,-3.10,
-3.18,-2.33,-2.54,-3.18,-2.33,-2.54,-6.73,3.77,-3.07,-6.73,3.77,-3.07,-6.79,3.86,-3.03,-6.79,3.86,-3.03,
-9.19,3.38,-1.87,-9.19,3.38,-1.87,-6.68,6.97,-1.10,-6.68,6.97,-1.10,-6.91,7.03,-1.21,-6.91,7.03,-1.21,
-8.94,7.49,-4.66,-8.94,7.49,-4.66,-5.67,8.12,-0.33,-5.67,8.12,-0.33,-5.44,8.23,-0.19,-5.44,8.23,-0.19,

-4.80,8.46,0.19,-4.80,8.46,0.19,-4.77,8.50,-0.95,-4.77,8.50,-0.95,-4.75,8.44,-0.96,-4.75,8.44,-0.96,
-4.65,8.22,-0.06,-4.65,8.22,-0.06,-4.90,8.04,-0.42,-4.90,8.04,-0.42,-4.80,8.12,-0.52,-4.80,8.12,-0.52,
-4.56,9.14,-0.76,-4.56,9.14,-0.76,-4.76,8.67,-1.41,-4.76,8.67,-1.41,-4.77,8.69,-1.42,-4.77,8.69,-1.42,
-5.39,8.58,-0.52,-5.39,8.58,-0.52,-4.26,8.28,-1.80,-4.26,8.28,-1.80,-4.35,8.38,-1.96,-4.35,8.38,-1.96,
-8.96,8.43,-2.72,-8.96,8.43,-2.72,-4.05,9.33,-1.45,-4.05,9.33,-1.45,-3.87,9.16,-1.23,-3.87,9.16,-1.23,
-12.37,8.88,-3.08,-12.37,8.88,-3.08,-4.42,10.53,-1.51,-4.42,10.53,-1.51,-4.29,10.76,-1.68,-4.29,10.76,-1.68,
-11.62,5.29,-5.67,-11.62,5.29,-5.67,-7.14,7.85,1.28,-7.14,7.85,1.28,-7.17,8.85,1.56,-7.17,8.85,1.56,
-10.71,3.18,-4.85,-10.71,3.18,-4.85,-6.84,8.67,-1.44,-6.84,8.67,-1.44,-6.51,8.58,-1.18,-6.51,8.58,-1.18,
-3.21,-2.66,-2.43,-3.21,-2.66,-2.43,-6.37,5.52,-2.80,-6.37,5.52,-2.80,-6.22,5.71,-2.81,-6.22,5.71,-2.81,
-1.58,-4.95,-3.25,-1.58,-4.95,-3.25,-8.16,2.11,-2.45,-8.16,2.11,-2.45,-8.25,2.11,-2.52,-8.25,2.11,-2.52,
0.94,-7.80,-3.87,0.94,-7.80,-3.87,-9.09,-0.24,-0.98,-9.09,-0.24,-0.98,-9.17,-0.25,-1.04,-9.17,-0.25,-1.04,
2.46,-8.73,-3.78,2.46,-8.73,-3.78,-8.94,-0.37,-0.55,-8.94,-0.37,-0.55,-8.87,-0.35,-0.44,-8.87,-0.35,-0.44,
1.11,-7.96,-3.96,1.11,-7.96,-3.96,-9.11,-0.78,-1.23,-9.11,-0.78,-1.23,-9.21,-0.72,-1.21,-9.21,-0.72,-1.21,
0.46,-8.80,-4.26,0.46,-8.80,-4.26,-9.83,-0.83,-1.70,-9.83,-0.83,-1.70,-9.82,-0.80,-1.63,-9.82,-0.80,-1.63,
-0.03,-9.00,-4.42,-0.03,-9.00,-4.42,-9.53,-0.77,-1.63,-9.53,-0.77,-1.63,-9.51,-0.69,-1.62,-9.51,-0.69,-1.62,
0.38,-7.99,-4.00,0.38,-7.99,-4.00,-8.84,-0.31,-1.19,-8.84,-0.31,-1.19,-8.79,-0.26,-1.10,-8.79,-0.26,-1.10,
-0.24,-5.58,-2.05,-0.24,-5.58,-2.05,-7.09,1.17,-0.64,-7.09,1.17,-0.64,-7.04,1.25,-0.78,-7.04,1.25,-0.78,

-8.42,1.05,-5.40,-8.42,1.05,-5.40,-4.33,8.39,-1.36,-4.33,8.39,-1.36,-4.33,8.39,-1.43,-4.33,8.39,-1.43,
-8.42,1.18,-4.99,-8.42,1.18,-4.99,-4.60,8.39,-1.62,-4.60,8.39,-1.62,-4.61,8.39,-1.62,-4.61,8.39,-1.62,
-8.49,1.52,-5.42,-8.49,1.52,-5.42,-4.57,8.49,-1.66,-4.57,8.49,-1.66,-4.74,8.50,-1.51,-4.74,8.50,-1.51,
-8.62,0.60,-6.45,-8.62,0.60,-6.45,-4.77,8.82,-0.90,-4.77,8.82,-0.90,-4.73,8.82,-0.95,-4.73,8.82,-0.95,
-11.04,-1.44,-10.11,-11.04,-1.44,-10.11,-6.46,10.39,1.04,-6.46,10.39,1.04,-6.78,10.31,1.16,-6.78,10.31,1.16,
-10.72,-1.16,-8.09,-10.72,-1.16,-8.09,-7.19,8.39,-1.49,-7.19,8.39,-1.49,-7.14,8.36,-1.63,-7.14,8.36,-1.63,
-7.59,-1.22,-6.16,-7.59,-1.22,-6.16,-6.33,6.71,-4.36,-6.33,6.71,-4.36,-6.49,6.71,-4.46,-6.49,6.71,-4.46,
-3.33,-2.98,-6.32,-3.33,-2.98,-6.32,-6.34,3.90,-3.70,-6.34,3.90,-3.70,-6.33,3.80,-3.74,-6.33,3.80,-3.74,
-0.46,-5.14,-5.96,-0.46,-5.14,-5.96,-7.54,2.59,-3.80,-7.54,2.59,-3.80,-7.51,2.60,-3.67,-7.51,2.60,-3.67,
0.01,-8.43,-2.04,0.01,-8.43,-2.04,-8.33,1.93,-2.07,-8.33,1.93,-2.07,-8.46,1.72,-2.14,-8.46,1.72,-2.14,
1.15,-9.17,-3.45,1.15,-9.17,-3.45,-9.21,1.27,-2.62,-9.21,1.27,-2.62,-9.23,1.18,-2.48,-9.23,1.18,-2.48,
0.20,-8.51,-3.80,0.20,-8.51,-3.80,-9.16,0.54,-2.34,-9.16,0.54,-2.34,-9.21,0.51,-2.33,-9.21,0.51,-2.33,
0.70,-9.18,-3.83,0.70,-9.18,-3.83,-9.42,0.76,-2.47,-9.42,0.76,-2.47,-9.42,0.65,-2.49,-9.42,0.65,-2.49,
1.06,-9.16,-3.50,1.06,-9.16,-3.50,-9.39,0.87,-2.55,-9.39,0.87,-2.55,-9.40,0.89,-2.59,-9.40,0.89,-2.59,
0.53,-8.78,-3.71,0.53,-8.78,-3.71,-9.03,1.02,-2.57,-9.03,1.02,-2.57,-8.98,0.97,-2.61,-8.98,0.97,-2.61,
0.67,-6.77,-0.88,0.67,-6.77,-0.88,-7.04,1.34,-2.06,-7.04,1.34,-2.06,-7.43,1.42,-1.91,-7.43,1.42,-1.91,
-1.56,-5.70,-4.91,-1.56,-5.70,-4.91,-9.07,2.86,-2.94,-9.07,2.86,-2.94,-8.89,2.78,-2.69,-8.89,2.78,-2.69,
-4.06,-0.13,-7.41,-4.06,-0.13,-7.41,-5.63,2.53,-5.13,-5.63,2.53,-5.13,-5.55,2.48,-4.98,-5.55,2.48,-4.98,
-6.01,1.14,-7.38,-6.01,1.14,-7.38,-6.50,7.18,-3.40,-6.50,7.18,-3.40,-6.35,7.38,-3.57,-6.35,7.38,-3.57,

-5.61,8.24,-0.02,-5.61,8.24,-0.02,-3.87,8.85,-1.31,-3.87,8.85,-1.31,-3.87,8.85,-1.22,-3.87,8.85,-1.22,
-5.62,8.07,0.16,-5.62,8.07,0.16,-3.98,8.77,-1.26,-3.98,8.77,-1.26,-3.93,8.77,-1.29,-3.93,8.77,-1.29,
-6.00,7.99,0.42,-6.00,7.99,0.42,-3.82,8.77,-1.25,-3.82,8.77,-1.25,-3.87,8.80,-1.21,-3.87,8.80,-1.21,
-8.46,7.06,-0.15,-8.46,7.06,-0.15,-4.25,8.83,-0.86,-4.25,8.83,-0.86,-4.21,9.01,-0.72,-4.21,9.01,-0.72,
-12.90,7.30,-1.19,-12.90,7.30,-1.19,-4.64,9.01,-0.47,-4.64,9.01,-0.47,-4.61,9.18,-0.47,-4.61,9.18,-0.47,
-13.59,6.08,-5.57,-13.59,6.08,-5.57,-9.05,9.09,-2.97,-9.05,9.09,-2.97,-9.00,8.74,-2.58,-9.00,8.74,-2.58,
-8.04,0.50,-5.18,-8.04,0.50,-5.18,-6.96,6.66,-0.56,-6.96,6.66,-0.56,-7.26,6.33,-0.99,-7.26,6.33,-0.99,
-7.67,-1.07,-4.77,-7.67,-1.07,-4.77,-5.95,6.47,-3.40,-5.95,6.47,-3.40,-5.84,6.41,-3.42,-5.84,6.41,-3.42,
-3.07,-2.89,-3.62,-3.07,-2.89,-3.62,-5.28,2.00,-3.99,-5.28,2.00,-3.99,-5.70,2.15,-4.38,-5.70,2.15,-4.38,
0.80,-6.17,-4.16,0.80,-6.17,-4.16,-7.88,0.70,-3.24,-7.88,0.70,-3.24,-7.77,0.65,-3.25,-7.77,0.65,-3.25,
2.72,-8.67,-4.39,2.72,-8.67,-4.39,-9.50,-0.15,-2.66,-9.50,-0.15,-2.66,-9.45,-0.27,-2.75,-9.45,-0.27,-2.75,
1.75,-9.03,-4.13,1.75,-9.03,-4.13,-9.42,-0.28,-2.53,-9.42,-0.28,-2.53,-9.38,-0.13,-2.76,-9.38,-0.13,-2.76,
-0.15,-8.57,-4.01,-0.15,-8.57,-4.01,-9.12,0.09,-3.16,-9.12,0.09,-3.16,-9.19,0.06,-3.13,-9.19,0.06,-3.13,
-0.81,-8.75,-4.12,-0.81,-8.75,-4.12,-9.37,0.43,-3.23,-9.37,0.43,-3.23,-9.39,0.34,-3.14,-9.39,0.34,-3.14,
-0.66,-8.91,-4.17,-0.66,-8.91,-4.17,-9.38,0.77,-2.80,-9.38,0.77,-2.80,-9.34,0.73,-2.91,-9.34,0.73,-2.91,
-0.97,-8.39,-4.21,-0.97,-8.39,-4.21,-9.06,0.98,-2.98,-9.06,0.98,-2.98,-8.98,1.04,-2.93,-8.98,1.04,-2.93,
-2.12,-7.81,-5.21,-2.12,-7.81,-5.21,-8.66,1.60,-3.83,-8.66,1.60,-3.83,-8.64,1.60,-4.00,-8.64,1.60,-4.00,

-4.82,8.56,0.08,-4.82,8.56,0.08,-4.41,9.05,-1.42,-4.41,9.05,-1.42,-4.51,8.94,-1.36,-4.51,8.94,-1.36,
-4.80,8.44,-0.04,-4.80,8.44,-0.04,-3.92,8.42,-2.08,-3.92,8.42,-2.08,-3.95,8.44,-2.10,-3.95,8.44,-2.10,
-5.56,8.75,0.24,-5.56,8.75,0.24,-3.89,9.16,-2.08,-3.89,9.16,-2.08,-4.00,9.04,-2.02,-4.00,9.04,-2.02,
-5.97,8.12,-0.79,-5.97,8.12,-0.79,-5.58,9.08,0.40,-5.58,9.08,0.40,-5.25,9.03,0.47,-5.25,9.03,0.47,
-5.60,5.66,-2.56,-5.60,5.66,-2.56,-3.61,8.19,0.14,-3.61,8.19,0.14,-3.52,8.14,0.01,-3.52,8.14,0.01,
-6.30,6.59,-4.01,-6.30,6.59,-4.01,-5.03,8.41,-0.49,-5.03,8.41,-0.49,-5.13,8.51,-0.44,-5.13,8.51,-0.44,
-11.24,7.40,-11.04,-11.24,7.40,-11.04,-5.41,8.73,-1.33,-5.41,8.73,-1.33,-5.47,8.81,-1.43,-5.47,8.81,-1.43,
-13.56,4.80,-7.94,-13.56,4.80,-7.94,-6.99,10.35,1.09,-6.99,10.35,1.09,-7.02,10.38,1.10,-7.02,10.38,1.10,
-10.58,4.27,-4.69,-10.58,4.27,-4.69,-5.72,10.10,-4.09,-5.72,10.10,-4.09,-5.71,10.07,-4.09,-5.71,10.07,-4.09,
-6.57,-0.13,-3.01,-6.57,-0.13,-3.01,-4.92,7.65,-3.02,-4.92,7.65,-3.02,-5.00,7.20,-2.80,-5.00,7.20,-2.80,
-2.53,-2.88,-3.10,-2.53,-2.88,-3.10,-5.69,3.48,-1.82,-5.69,3.48,-1.82,-5.38,3.45,-1.86,-5.38,3.45,-1.86,
-0.47,-7.27,-4.19,-0.47,-7.27,-4.19,-8.12,3.18,-1.24,-8.12,3.18,-1.24,-8.04,3.16,-1.18,-8.04,3.16,-1.18,
-0.65,-8.49,-4.92,-0.65,-8.49,-4.92,-8.74,3.06,-1.31,-8.74,3.06,-1.31,-8.79,3.19,-1.37,-8.79,3.19,-1.37,
-1.53,-8.75,-5.26,-1.53,-8.75,-5.26,-9.12,2.89,-1.05,-9.12,2.89,-1.05,-9.18,2.88,-0.99,-9.18,2.88,-0.99,
-1.91,-8.40,-4.92,-1.91,-8.40,-4.92,-8.81,3.52,-1.27,-8.81,3.52,-1.27,-8.79,3.50,-1.24,-8.79,3.50,-1.24,
-1.79,-8.57,-5.71,-1.79,-8.57,-5.71,-9.24,3.22,-1.69,-9.24,3.22,-1.69,-9.24,3.21,-1.66,-9.24,3.21,-1.66,
-1.89,-8.22,-5.56,-1.89,-8.22,-5.56,-9.00,3.16,-1.79,-9.00,3.16,-1.79,-8.92,3.18,-1.78,-8.92,3.18,-1.78,

-4.69,8.74,0.40,-4.69,8.74,0.40,-4.09,8.75,-1.55,-4.09,8.75,-1.55,-4.03,8.79,-1.41,-4.03,8.79,-1.41,
-4.70,8.76,0.55,-4.70,8.76,0.55,-3.95,8.90,-1.06,-3.95,8.90,-1.06,-3.97,8.91,-1.01,-3.97,8.91,-1.01,
-4.81,8.42,0.61,-4.81,8.42,0.61,-3.73,8.85,-1.35,-3.73,8.85,-1.35,-3.71,8.87,-1.33,-3.71,8.87,-1.33,
-5.19,8.37,-0.79,-5.19,8.37,-0.79,-4.50,8.34,-0.61,-4.50,8.34,-0.61,-4.48,8.33,-0.56,-4.48,8.33,-0.56,
-6.53,8.06,-1.85,-6.53,8.06,-1.85,-5.37,8.57,-0.77,-5.37,8.57,-0.77,-5.41,8.49,-0.66,-5.41,8.49,-0.66,
-6.67,8.11,-4.12,-6.67,8.11,-4.12,-4.33,8.54,-1.43,-4.33,8.54,-1.43,-4.22,8.35,-1.33,-4.22,8.35,-1.33,
-12.18,7.14,-5.67,-12.18,7.14,-5.67,-4.26,8.49,-2.95,-4.26,8.49,-2.95,-4.37,8.23,-2.67,-4.37,8.23,-2.67,
-11.09,4.92,-4.51,-11.09,4.92,-4.51,-7.94,9.82,0.18,-7.94,9.82,0.18,-8.19,10.19,0.10,-8.19,10.19,0.10,
-5.19,-1.56,-3.23,-5.19,-1.56,-3.23,-7.85,9.58,-0.54,-7.85,9.58,-0.54,-7.82,9.92,-0.98,-7.82,9.92,-0.98,
-5.47,-4.15,-3.61,-5.47,-4.15,-3.61,-6.80,6.68,-1.78,-6.80,6.68,-1.78,-6.64,7.03,-1.53,-6.64,7.03,-1.53,
-1.63,-5.50,-3.33,-1.63,-5.50,-3.33,-6.91,4.19,-1.35,-6.91,4.19,-1.35,-7.09,4.20,-1.09,-7.09,4.20,-1.09,
-0.62,-7.85,-4.29,-0.62,-7.85,-4.29,-8.58,4.50,-0.94,-8.58,4.50,-0.94,-8.68,4.57,-1.08,-8.68,4.57,-1.08,
-1.31,-8.66,-4.96,-1.31,-8.66,-4.96,-9.22,4.88,-0.78,-9.22,4.88,-0.78,-9.22,4.86,-0.68,-9.22,4.86,-0.68,

-3.98,9.07,0.76,-3.98,9.07,0.76,-3.89,8.75,-1.85,-3.89,8.75,-1.85,-3.90,8.72,-1.86,-3.90,8.72,-1.86,
-4.03,8.88,0.45,-4.03,8.88,0.45,-3.94,8.69,-1.62,-3.94,8.69,-1.62,-3.90,8.69,-1.65,-3.90,8.69,-1.65,
-4.08,8.72,0.30,-4.08,8.72,0.30,-3.86,8.50,-1.49,-3.86,8.50,-1.49,-3.88,8.47,-1.41,-3.88,8.47,-1.41,
-4.24,8.81,0.40,-4.24,8.81,0.40,-3.92,8.71,-1.23,-3.92,8.71,-1.23,-3.93,8.67,-1.42,-3.93,8.67,-1.42,
-4.81,8.52,-0.85,-4.81,8.52,-0.85,-3.87,8.39,-1.19,-3.87,8.39,-1.19,-4.02,8.35,-1.17,-4.02,8.35,-1.17,
-7.83,8.80,-6.82,-7.83,8.80,-6.82,-5.94,9.64,0.46,-5.94,9.64,0.46,-5.79,9.62,0.47,-5.79,9.62,0.47,
-11.30,8.47,-6.14,-11.30,8.47,-6.14,-6.29,8.81,-1.12,-6.29,8.81,-1.12,-6.24,9.15,-1.07,-6.24,9.15,-1.07,
-11.72,8.05,-5.61,-11.72,8.05,-5.61,-6.73,9.26,-1.81,-6.73,9.26,-1.81,-6.67,9.16,-2.20,-6.67,9.16,-2.20,
-6.63,2.83,-3.58,-6.63,2.83,-3.58,-7.26,6.95,-2.79,-7.26,6.95,-2.79,-7.40,7.23,-3.33,-7.40,7.23,-3.33,
-1.41,-2.41,-3.88,-1.41,-2.41,-3.88,-7.39,3.90,-2.74,-7.39,3.90,-2.74,-7.93,2.91,-3.35,-7.93,2.91,-3.35,
0.68,-5.46,-4.94,0.68,-5.46,-4.94,-7.38,2.90,-2.41,-7.38,2.90,-2.41,-7.33,2.83,-2.49,-7.33,2.83,-2.49,
1.10,-7.48,-4.31,1.10,-7.48,-4.31,-7.37,2.41,-1.85,-7.37,2.41,-1.85,-7.39,2.38,-1.76,-7.39,2.38,-1.76,
-0.71,-7.45,-5.25,-0.71,-7.45,-5.25,-8.57,3.02,-2.47,-8.57,3.02,-2.47,-8.56,3.01,-2.43,-8.56,3.01,-2.43,
-2.02,-8.19,-5.89,-2.02,-8.19,-5.89,-8.53,3.85,-2.22,-8.53,3.85,-2.22,-8.59,3.73,-2.22,-8.59,3.73,-2.22,
-1.54,-8.46,-5.70,-1.54,-8.46,-5.70,-9.31,2.98,-1.83,-9.31,2.98,-1.83,-9.32,3.02,-1.90,-9.32,3.02,-1.90,
-1.20,-8.52,-4.72,-1.20,-8.52,-4.72,-8.83,3.36,-1.75,-8.83,3.36,-1.75,-8.77,3.37,-1.74,-8.77,3.37,-1.74,
-1.79,-7.89,-4.82,-1.79,-7.89,-4.82,-8.16,3.75,-2.00,-8.16,3.75,-2.00,-8.06,3.73,-2.07,-8.06,3.73,-2.07,

-4.86,8.49,0.32,-4.86,8.49,0.32,-4.09,8.47,-2.03,-4.09,8.47,-2.03,-4.09,8.45,-1.96,-4.09,8.45,-1.96,
-4.93,8.64,0.01,-4.93,8.64,0.01,-4.12,8.58,-1.88,-4.12,8.58,-1.88,-4.13,8.60,-1.92,-4.13,8.60,-1.92,
-4.84,8.57,0.21,-4.84,8.57,0.21,-4.00,8.66,-1.84,-4.00,8.66,-1.84,-4.01,8.69,-1.91,-4.01,8.69,-1.91,
-5.09,8.40,-0.20,-5.09,8.40,-0.20,-4.12,8.67,-1.85,-4.12,8.67,-1.85,-4.27,8.58,-1.90,-4.27,8.58,-1.90,
-5.27,8.37,-0.61,-5.27,8.37,-0.61,-4.25,8.62,-1.41,-4.25,8.62,-1.41,-4.15,8.65,-1.35,-4.15,8.65,-1.35,
-5.19,7.20,-2.44,-5.19,7.20,-2.44,-3.78,8.60,-1.15,-3.78,8.60,-1.15,-3.83,8.63,-1.06,-3.83,8.63,-1.06,
-9.86,6.37,-11.41,-9.86,6.37,-11.41,-6.69,9.20,1.13,-6.69,9.20,1.13,-6.55,9.22,1.28,-6.55,9.22,1.28,
-12.44,8.79,-3.82,-12.44,8.79,-3.82,-5.67,9.01,-2.71,-5.67,9.01,-2.71,-5.37,9.04,-2.69,-5.37,9.04,-2.69,
-10.37,6.03,-5.51,-10.37,6.03,-5.51,-5.73,8.04,-2.68,-5.73,8.04,-2.68,-5.61,8.41,-2.81,-5.61,8.41,-2.81,
-8.15,1.48,-5.50,-8.15,1.48,-5.50,-7.51,6.54,-2.16,-7.51,6.54,-2.16,-7.47,7.22,-2.54,-7.47,7.22,-2.54,
-1.36,-3.78,-3.89,-1.36,-3.78,-3.89,-7.94,3.69,-3.25,-7.94,3.69,-3.25,-8.04,2.98,-3.26,-8.04,2.98,-3.26,
0.38,-7.27,-2.87,0.38,-7.27,-2.87,-8.20,3.61,-2.49,-8.20,3.61,-2.49,-8.18,3.57,-2.23,-8.18,3.57,-2.23,
1.44,-8.60,-3.76,1.44,-8.60,-3.76,-8.30,2.32,-0.96,-8.30,2.32,-0.96,-8.54,2.57,-0.95,-8.54,2.57,-0.95,

-4.18,8.76,1.20,-4.18,8.76,1.20,-3.78,8.79,-1.65,-3.78,8.79,-1.65,-3.76,8.71,-1.63,-3.76,8.71,-1.63,
-4.78,8.71,0.65,-4.78,8.71,0.65,-3.56,8.89,-1.78,-3.56,8.89,-1.78,-3.62,8.84,-1.73,-3.62,8.84,-1.73,
-4.27,8.69,0.68,-4.27,8.69,0.68,-3.59,8.72,-1.60,-3.59,8.72,-1.60,-3.61,8.69,-1.67,-3.61,8.69,-1.67,
-3.94,8.66,1.29,-3.94,8.66,1.29,-3.33,8.80,-1.80,-3.33,8.80,-1.80,-3.35,8.79,-1.82,-3.35,8.79,-1.82,
-5.43,9.07,-0.17,-5.43,9.07,-0.17,-3.66,9.01,-2.80,-3.66,9.01,-2.80,-3.62,9.16,-2.91,-3.62,9.16,-2.91,
-10.35,9.06,-5.99,-10.35,9.06,-5.99,-4.35,10.32,-1.68,-4.35,10.32,-1.68,-4.14,10.18,-1.69,-4.14,10.18,-1.69,
-9.25,7.82,-4.14,-9.25,7.82,-4.14,-2.72,10.09,-1.23,-2.72,10.09,-1.23,-2.78,10.04,-1.18,-2.78,10.04,-1.18,
-11.65,7.30,-5.08,-11.65,7.30,-5.08,-3.57,6.17,-2.09,-3.57,6.17,-2.09,-3.41,6.01,-1.74,-3.41,6.01,-1.74,
-5.69,-1.80,-4.23,-5.69,-1.80,-4.23,-7.30,7.69,-1.42,-7.30,7.69,-1.42,-7.35,7.30,-1.35,-7.35,7.30,-1.35,
-3.69,-5.08,-4.41,-3.69,-5.08,-4.41,-8.43,6.99,-3.87,-8.43,6.99,-3.87,-8.22,7.10,-3.90,-8.22,7.10,-3.90,
-4.01,-3.95,-5.63,-4.01,-3.95,-5.63,-6.19,4.99,-2.13,-6.19,4.99,-2.13,-6.24,4.86,-2.03,-6.24,4.86,-2.03,
-0.29,-6.71,-5.15,-0.29,-6.71,-5.15,-8.57,1.43,-0.85,-8.57,1.43,-0.85,-8.47,1.41,-0.75,-8.47,1.41,-0.75,
0.41,-7.97,-5.43,0.41,-7.97,-5.43,-10.16,1.59,-1.24,-10.16,1.59,-1.24,-10.18,1.72,-1.23,-10.18,1.72,-1.23,
1.09,-8.70,-5.12,1.09,-8.70,-5.12,-9.47,1.65,0.44,-9.47,1.65,0.44,-9.34,1.73,0.49,-9.34,1.73,0.49,
2.06,-8.43,-4.22,2.06,-8.43,-4.22,-9.52,1.44,0.81,-9.52,1.44,0.81,-9.76,1.51,0.76,-9.76,1.51,0.76,
1.28,-8.86,-4.35,1.28,-8.86,-4.35,-9.68,2.10,1.15,-9.68,2.10,1.15,-9.66,2.16,0.96,-9.66,2.16,0.96,

-5.26,-1.66,-5.63,-5.26,-1.66,-5.63,-6.09,6.68,-2.33,-6.09,6.68,-2.33,-5.96,6.83,-2.10,-5.96,6.83,-2.10,
-8.91,-0.95,-7.39,-8.91,-0.95,-7.39,-4.70,8.15,-3.28,-4.70,8.15,-3.28,-4.77,8.09,-3.27,-4.77,8.09,-3.27,
-9.19,0.44,-7.72,-9.19,0.44,-7.72,-6.14,7.99,-3.23,-6.14,7.99,-3.23,-6.03,7.79,-3.03,-6.03,7.79,-3.03,
-6.17,-0.81,-6.50,-6.17,-0.81,-6.50,-5.27,7.36,-1.70,-5.27,7.36,-1.70,-5.40,7.61,-1.86,-5.40,7.61,-1.86,
-12.20,-1.96,-14.25,-12.20,-1.96,-14.25,-6.83,8.42,-1.58,-6.83,8.42,-1.58,-7.05,8.25,-1.50,-7.05,8.25,-1.50,
-10.76,-3.55,-9.47,-10.76,-3.55,-9.47,-8.38,9.32,-2.83,-8.38,9.32,-2.83,-8.56,8.87,-2.48,-8.56,8.87,-2.48,
-8.63,-3.10,-6.90,-8.63,-3.10,-6.90,-7.27,5.98,-2.44,-7.27,5.98,-2.44,-7.29,5.84,-2.14,-7.29,5.84,-2.14,
-3.90,-2.20,-5.11,-3.90,-2.20,-5.11,-6.67,4.25,-3.31,-6.67,4.25,-3.31,-6.41,4.01,-3.19,-6.41,4.01,-3.19,
1.81,-5.85,-3.94,1.81,-5.85,-3.94,-7.79,2.57,-2.51,-7.79,2.57,-2.51,-8.01,2.51,-2.63,-8.01,2.51,-2.63,
0.73,-7.71,-3.62,0.73,-7.71,-3.62,-7.82,2.53,-1.36,-7.82,2.53,-1.36,-7.80,2.48,-1.22,-7.80,2.48,-1.22,
-0.18,-8.76,-4.07,-0.18,-8.76,-4.07,-8.91,1.51,-1.67,-8.91,1.51,-1.67,-8.86,1.60,-1.92,-8.86,1.60,-1.92,

-5.81,4.85,-2.09,-5.81,4.85,-2.09,-2.47,7.72,-3.53,-2.47,7.72,-3.53,-2.49,7.71,-3.50,-2.49,7.71,-3.50,
-9.15,4.73,-2.97,-9.15,4.73,-2.97,-3.14,8.34,-4.27,-3.14,8.34,-4.27,-3.16,8.35,-4.09,-3.16,8.35,-4.09,
-9.39,5.34,-2.35,-9.39,5.34,-2.35,-2.72,8.64,-3.68,-2.72,8.64,-3.68,-2.71,8.89,-3.84,-2.71,8.89,-3.84,
-9.00,6.36,-2.97,-9.00,6.36,-2.97,-4.79,8.20,-2.95,-4.79,8.20,-2.95,-4.86,8.09,-2.89,-4.86,8.09,-2.89,
-9.12,5.77,-5.53,-9.12,5.77,-5.53,-4.69,9.10,-3.09,-4.69,9.10,-3.09,-4.82,9.10,-3.23,-4.82,9.10,-3.23,
-9.61,2.45,-11.78,-9.61,2.45,-11.78,-5.25,8.46,-0.61,-5.25,8.46,-0.61,-5.21,8.71,-0.27,-5.21,8.71,-0.27,
-10.09,4.10,-10.37,-10.09,4.10,-10.37,-5.51,12.86,-0.31,-5.51,12.86,-0.31,-5.66,13.79,-0.51,-5.66,13.79,-0.51,
-8.10,0.50,-7.49,-8.10,0.50,-7.49,-7.06,6.83,-3.06,-7.06,6.83,-3.06,-7.29,6.46,-3.14,-7.29,6.46,-3.14,
-5.46,-1.81,-4.20,-5.46,-1.81,-4.20,-6.12,4.60,-3.42,-6.12,4.60,-3.42,-6.00,4.55,-3.11,-6.00,4.55,-3.11,
-2.00,-4.22,-4.60,-2.00,-4.22,-4.60,-7.58,2.75,-2.64,-7.58,2.75,-2.64,-7.09,2.90,-2.83,-7.09,2.90,-2.83,
0.06,-6.61,-4.10,0.06,-6.61,-4.10,-8.36,1.91,-1.81,-8.36,1.91,-1.81,-8.42,1.93,-1.64,-8.42,1.93,-1.64,
1.83,-8.47,-4.47,1.83,-8.47,-4.47,-8.75,1.20,-0.83,-8.75,1.20,-0.83,-8.76,1.26,-0.88,-8.76,1.26,-0.88,
-0.57,-8.20,-4.90,-0.57,-8.20,-4.90,-9.26,2.38,-1.36,-9.26,2.38,-1.36,-9.00,2.34,-1.10,-9.00,2.34,-1.10,
0.38,-8.36,-4.86,0.38,-8.36,-4.86,-9.25,1.64,-1.27,-9.25,1.64,-1.27,-9.24,1.74,-1.07,-9.24,1.74,-1.07,
0.25,-8.31,-4.87,0.25,-8.31,-4.87,-9.31,2.14,-1.99,-9.31,2.14,-1.99,-9.32,2.04,-1.93,-9.32,2.04,-1.93,
-0.08,-8.72,-4.93,-0.08,-8.72,-4.93,-9.32,2.49,-1.67,-9.32,2.49,-1.67,-9.29,2.59,-1.71,-9.29,2.59,-1.71,

-5.18,8.27,-1.52,-5.18,8.27,-1.52,-3.93,8.73,-1.85,-3.93,8.73,-1.85,-3.97,8.58,-1.93,-3.97,8.58,-1.93,
-5.16,8.39,-1.67,-5.16,8.39,-1.67,-4.09,8.68,-1.87,-4.09,8.68,-1.87,-4.05,8.67,-1.96,-4.05,8.67,-1.96,
-5.22,8.39,-1.83,-5.22,8.39,-1.83,-4.04,8.68,-2.12,-4.04,8.68,-2.12,-4.07,8.65,-2.07,-4.07,8.65,-2.07,
-4.93,8.18,-2.99,-4.93,8.18,-2.99,-4.61,8.68,-1.31,-4.61,8.68,-1.31,-4.66,8.66,-1.32,-4.66,8.66,-1.32,
-5.05,7.29,-3.73,-5.05,7.29,-3.73,-4.49,8.37,-0.75,-4.49,8.37,-0.75,-4.45,8.33,-0.72,-4.45,8.33,-0.72,
-5.90,7.13,-3.34,-5.90,7.13,-3.34,-3.88,8.42,-0.87,-3.88,8.42,-0.87,-3.87,8.44,-0.97,-3.87,8.44,-0.97,
-5.93,7.11,-4.24,-5.93,7.11,-4.24,-4.66,8.34,-1.04,-4.66,8.34,-1.04,-4.66,8.30,-1.07,-4.66,8.30,-1.07,
-6.48,7.11,-6.37,-6.48,7.11,-6.37,-5.05,7.99,-0.71,-5.05,7.99,-0.71,-5.27,7.97,-0.70,-5.27,7.97,-0.70,
-9.58,4.73,-8.69,-9.58,4.73,-8.69,-6.71,8.71,0.39,-6.71,8.71,0.39,-6.62,8.86,0.77,-6.62,8.86,0.77,
-9.28,2.97,-7.45,-9.28,2.97,-7.45,-7.75,8.51,0.20,-7.75,8.51,0.20,-7.89,8.74,-0.18,-7.89,8.74,-0.18,
-8.93,-1.65,-7.37,-8.93,-1.65,-7.37,-7.41,8.24,-2.34,-7.41,8.24,-2.34,-7.36,8.65,-2.26,-7.36,8.65,-2.26,
-8.01,-1.11,-5.12,-8.01,-1.11,-5.12,-5.00,6.59,-4.53,-5.00,6.59,-4.53,-4.89,6.27,-4.45,-4.89,6.27,-4.45,
-4.54,-1.27,-2.66,-4.54,-1.27,-2.66,-4.45,5.17,-3.53,-4.45,5.17,-3.53,-4.46,4.97,-3.23,-4.46,4.97,-3.23,
0.29,-5.88,-4.62,0.29,-5.88,-4.62,-7.75,2.71,-1.97,-7.75,2.71,-1.97,-8.32,2.74,-1.90,-8.32,2.74,-1.90,
0.73,-8.92,-5.11,0.73,-8.92,-5.11,-8.89,4.05,-0.94,-8.89,4.05,-0.94,-8.62,4.03,-0.70,-8.62,4.03,-0.70,
-2.97,-7.49,-5.43,-2.97,-7.49,-5.43,-8.16,4.00,-2.05,-8.16,4.00,-2.05,-8.12,3.88,-2.05,-8.12,3.88,-2.05,
-2.62,-8.00,-5.94,-2.62,-8.00,-5.94,-8.68,3.48,-1.57,-8.68,3.48,-1.57,-8.63,3.53,-1.57,-8.63,3.53,-1.57,
-1.98,-7.81,-5.35,-1.98,-7.81,-5.35,-8.54,3.90,-2.05,-8.54,3.90,-2.05,-8.68,3.70,-2.00,-8.68,3.70,-2.00,
-1.22,-8.54,-5.80,-1.22,-8.54,-5.80,-9.38,3.65,-1.66,-9.38,3.65,-1.66,-9.35,3.83,-1.60,-9.35,3.83,-1.60,
-1.51,-8.18,-5.64,-1.51,-8.18,-5.64,-8.76,3.97,-1.54,-8.76,3.97,-1.54,-8.72,3.96,-1.67,-8.72,3.96,-1.67,

-6.30,7.43,-2.85,-6.30,7.43,-2.85,-3.81,9.53,-1.72,-3.81,9.53,-1.72,-3.72,9.61,-1.66,-3.72,9.61,-1.66,
-5.81,6.84,-3.08,-5.81,6.84,-3.08,-4.07,8.33,-1.30,-4.07,8.33,-1.30,-4.05,8.29,-1.40,-4.05,8.29,-1.40,
-6.54,7.17,-3.45,-6.54,7.17,-3.45,-3.93,8.80,-1.87,-3.93,8.80,-1.87,-3.84,8.82,-1.74,-3.84,8.82,-1.74,
-6.60,6.01,-5.07,-6.60,6.01,-5.07,-3.53,8.35,-1.84,-3.53,8.35,-1.84,-3.57,8.38,-1.74,-3.57,8.38,-1.74,
-8.65,5.08,-7.98,-8.65,5.08,-7.98,-4.20,8.67,-1.47,-4.20,8.67,-1.47,-4.78,8.68,-1.28,-4.78,8.68,-1.28,
-11.03,5.40,-10.02,-11.03,5.40,-10.02,-6.40,10.10,-2.17,-6.40,10.10,-2.17,-6.30,10.67,-2.34,-6.30,10.67,-2.34,
-8.91,2.89,-6.90,-8.91,2.89,-6.90,-8.02,8.12,-3.51,-8.02,8.12,-3.51,-7.97,7.81,-3.62,-7.97,7.81,-3.62,
-8.69,0.97,-4.82,-8.69,0.97,-4.82,-4.85,7.73,-4.47,-4.85,7.73,-4.47,-4.94,7.57,-4.46,-4.94,7.57,-4.46,
-3.28,-3.34,-4.59,-3.28,-3.34,-4.59,-6.53,4.68,-2.98,-6.53,4.68,-2.98,-6.71,4.62,-2.94,-6.71,4.62,-2.94,
-0.71,-5.95,-3.52,-0.71,-5.95,-3.52,-6.91,3.87,-2.31,-6.91,3.87,-2.31,-6.89,3.93,-2.33,-6.89,3.93,-2.33,
0.17,-7.71,-3.79,0.17,-7.71,-3.79,-8.52,3.46,-2.05,-8.52,3.46,-2.05,-8.50,3.48,-2.09,-8.50,3.48,-2.09,
-0.54,-8.79,-3.81,-0.54,-8.79,-3.81,-8.60,3.36,-0.52,-8.60,3.36,-0.52,-8.63,3.37,-0.48,-8.63,3.37,-0.48,
-0.26,-8.94,-4.44,-0.26,-8.94,-4.44,-9.19,3.39,-1.07,-9.19,3.39,-1.07,-9.24,3.34,-1.13,-9.24,3.34,-1.13,
0.01,-8.78,-5.19,0.01,-8.78,-5.19,-9.65,2.67,-1.54,-9.65,2.67,-1.54,-9.62,2.73,-1.57,-9.62,2.73,-1.57,
-0.32,-8.86,-5.23,-0.32,-8.86,-5.23,-9.22,2.98,-1.16,-9.22,2.98,-1.16,-9.20,2.98,-1.25,-9.20,2.98,-1.25,
-0.55,-8.36,-5.29,-0.55,-8.36,-5.29,-8.95,3.00,-1.71,-8.95,3.00,-1.71,-8.99,2.95,-1.85,-8.99,2.95,-1.85,
-0.66,-8.21,-5.69,-0.66,-8.21,-5.69,-9.12,2.95,-2.34,-9.12,2.95,-2.34,-9.28,2.97,-2.45,-9.28,2.97,-2.45,

-4.35,9.58,-0.56,-4.35,9.58,-0.56,-4.17,9.05,-1.89,-4.17,9.05,-1.89,-4.14,9.03,-1.78,-4.14,9.03,-1.78,
-3.59,8.01,0.14,-3.59,8.01,0.14,-3.36,8.58,-0.62,-3.36,8.58,-0.62,-3.31,8.64,-0.65,-3.31,8.64,-0.65,
-5.22,7.81,-1.19,-5.22,7.81,-1.19,-3.09,8.84,0.04,-3.09,8.84,0.04,-3.08,8.80,0.05,-3.08,8.80,0.05,
-5.75,8.52,-2.83,-5.75,8.52,-2.83,-4.12,8.10,-1.05,-4.12,8.10,-1.05,-4.23,8.35,-0.94,-4.23,8.35,-0.94,
-12.29,7.72,-3.33,-12.29,7.72,-3.33,-5.61,8.96,0.39,-5.61,8.96,0.39,-5.40,9.15,0.31,-5.40,9.15,0.31,
-12.86,7.16,0.87,-12.86,7.16,0.87,-6.27,9.45,-1.90,-6.27,9.45,-1.90,-6.20,9.52,-1.79,-6.20,9.52,-1.79,
-12.57,5.46,0.65,-12.57,5.46,0.65,-6.66,7.87,-2.09,-6.66,7.87,-2.09,-6.93,7.86,-2.51,-6.93,7.86,-2.51,
-11.46,2.34,0.11,-11.46,2.34,0.11,-8.60,8.89,-2.92,-8.60,8.89,-2.92,-8.79,8.76,-2.97,-8.79,8.76,-2.97,
-5.76,-0.64,-1.30,-5.76,-0.64,-1.30,-6.26,5.91,-2.14,-6.26,5.91,-2.14,-6.14,5.83,-2.24,-6.14,5.83,-2.24,
-2.63,-3.49,-3.33,-2.63,-3.49,-3.33,-6.66,2.45,-3.20,-6.66,2.45,-3.20,-6.68,2.29,-3.06,-6.68,2.29,-3.06,
-3.51,-5.47,-6.16,-3.51,-5.47,-6.16,-7.92,0.09,-2.07,-7.92,0.09,-2.07,-7.45,0.80,-2.00,-7.45,0.80,-2.00,
-0.30,-7.60,-6.11,-0.30,-7.60,-6.11,-7.81,1.53,-5.68,-7.81,1.53,-5.68,-7.84,1.58,-5.76,-7.84,1.58,-5.76,
-0.04,-9.22,-4.76,-0.04,-9.22,-4.76,-8.51,0.54,-4.38,-8.51,0.54,-4.38,-8.57,0.46,-4.44,-8.57,0.46,-4.44,
-0.57,-7.82,-4.33,-0.57,-7.82,-4.33,-8.08,1.55,-3.61,-8.08,1.55,-3.61,-8.03,1.52,-3.66,-8.03,1.52,-3.66,

-4.50,8.81,1.41,-4.50,8.81,1.41,-2.71,9.10,-2.50,-2.71,9.10,-2.50,-2.71,9.06,-2.47,-2.71,9.06,-2.47,
-4.52,8.71,1.65,-4.52,8.71,1.65,-2.47,9.12,-2.67,-2.47,9.12,-2.67,-2.42,9.07,-2.64,-2.42,9.07,-2.64,
-4.50,8.72,1.79,-4.50,8.72,1.79,-2.29,9.04,-2.69,-2.29,9.04,-2.69,-2.19,9.04,-2.67,-2.19,9.04,-2.67,
-4.83,8.29,2.07,-4.83,8.29,2.07,-2.03,8.94,-2.75,-2.03,8.94,-2.75,-2.02,8.94,-2.71,-2.02,8.94,-2.71,
-6.67,8.20,1.84,-6.67,8.20,1.84,-1.95,9.04,-1.82,-1.95,9.04,-1.82,-1.95,9.14,-1.74,-1.95,9.14,-1.74,
-12.24,6.86,-4.50,-12.24,6.86,-4.50,-2.30,10.40,-0.68,-2.30,10.40,-0.68,-2.49,10.11,-0.49,-2.49,10.11,-0.49,
-11.00,8.34,-6.79,-11.00,8.34,-6.79,-6.14,11.22,-0.55,-6.14,11.22,-0.55,-5.71,9.95,-0.81,-5.71,9.95,-0.81,
-9.17,6.14,-7.41,-9.17,6.14,-7.41,-7.92,6.07,-4.88,-7.92,6.07,-4.88,-7.75,5.87,-5.24,-7.75,5.87,-5.24,
-6.28,0.37,-5.51,-6.28,0.37,-5.51,-6.25,5.38,-4.54,-6.25,5.38,-4.54,-6.60,5.13,-4.83,-6.60,5.13,-4.83,
-3.43,-3.52,-4.17,-3.43,-3.52,-4.17,-7.46,3.15,-3.84,-7.46,3.15,-3.84,-7.51,3.17,-3.72,-7.51,3.17,-3.72,
-1.51,-3.81,-3.88,-1.51,-3.81,-3.88,-7.12,0.15,-3.45,-7.12,0.15,-3.45,-7.14,0.34,-3.83,-7.14,0.34,-3.83,
0.60,-7.61,-4.40,0.60,-7.61,-4.40,-7.24,0.20,-4.76,-7.24,0.20,-4.76,-7.57,0.09,-4.63,-7.57,0.09,-4.63,
0.11,-8.32,-4.19,0.11,-8.32,-4.19,-8.08,0.14,-4.50,-8.08,0.14,-4.50,-8.12,0.06,-4.45,-8.12,0.06,-4.45,
0.45,-9.47,-4.80,0.45,-9.47,-4.80,-9.27,-0.14,-4.20,-9.27,-0.14,-4.20,-9.28,-0.14,-4.26,-9.28,-0.14,-4.26,
-0.09,-9.15,-4.61,-0.09,-9.15,-4.61,-8.87,0.17,-3.55,-8.87,0.17,-3.55,-8.82,0.17,-3.53,-8.82,0.17,-3.53,
0.05,-9.00,-4.17,0.05,-9.00,-4.17,-8.78,0.12,-3.71,-8.78,0.12,-3.71,-8.84,0.21,-3.74,-8.84,0.21,-3.74,
-0.36,-9.07,-4.30,-0.36,-9.07,-4.30,-8.78,0.43,-3.70,-8.78,0.43,-3.70,-8.77,0.33,-3.77,-8.77,0.33,-3.77,
-0.51,-8.95,-4.27,-0.51,-8.95,-4.27,-8.69,0.61,-3.94,-8.69,0.61,-3.94,-8.82,0.49,-4.00,-8.82,0.49,-4.00,

-6.45,7.34,-1.56,-6.45,7.34,-1.56,-3.85,8.81,-1.08,-3.85,8.81,-1.08,-3.81,8.75,-1.24,-3.81,8.75,-1.24,
-6.11,7.25,-1.56,-6.11,7.25,-1.56,-3.87,8.67,-1.15,-3.87,8.67,-1.15,-3.82,8.65,-1.12,-3.82,8.65,-1.12,
-6.21,7.07,-1.63,-6.21,7.07,-1.63,-3.78,8.78,-0.86,-3.78,8.78,-0.86,-3.73,8.71,-0.88,-3.73,8.71,-0.88,
-6.59,7.08,-2.50,-6.59,7.08,-2.50,-4.15,8.77,-0.84,-4.15,8.77,-0.84,-4.21,8.72,-0.77,-4.21,8.72,-0.77,
-8.17,6.45,-3.38,-8.17,6.45,-3.38,-4.61,8.71,-0.43,-4.61,8.71,-0.43,-4.58,8.67,-0.45,-4.58,8.67,-0.45,
-11.83,6.95,-5.33,-11.83,6.95,-5.33,-5.72,9.28,-0.48,-5.72,9.28,-0.48,-5.59,9.24,-0.53,-5.59,9.24,-0.53,
-12.20,6.10,-4.80,-12.20,6.10,-4.80,-7.97,9.45,1.18,-7.97,9.45,1.18,-7.90,9.42,0.78,-7.90,9.42,0.78,
-12.35,6.07,-4.00,-12.35,6.07,-4.00,-5.60,9.28,-2.90,-5.60,9.28,-2.90,-5.56,9.04,-3.08,-5.56,9.04,-3.08,
-8.50,2.08,-2.12,-8.50,2.08,-2.12,-7.55,8.30,-3.04,-7.55,8.30,-3.04,-7.43,8.66,-2.96,-7.43,8.66,-2.96,
-3.45,-4.76,-2.73,-3.45,-4.76,-2.73,-7.38,5.60,-3.57,-7.38,5.60,-3.57,-7.05,5.51,-3.52,-7.05,5.51,-3.52,
-3.49,-4.43,-3.59,-3.49,-4.43,-3.59,-5.70,3.80,-2.73,-5.70,3.80,-2.73,-5.58,3.63,-2.92,-5.58,3.63,-2.92,
-2.11,-6.86,-4.94,-2.11,-6.86,-4.94,-7.44,2.68,-4.08,-7.44,2.68,-4.08,-7.25,2.65,-3.98,-7.25,2.65,-3.98,
-0.62,-8.95,-4.82,-0.62,-8.95,-4.82,-9.06,2.20,-3.63,-9.06,2.20,-3.63,-9.00,2.13,-3.62,-9.00,2.13,-3.62,
-0.81,-8.67,-3.78,-0.81,-8.67,-3.78,-7.70,2.58,-3.48,-7.70,2.58,-3.48,-7.82,2.53,-3.45,-7.82,2.53,-3.45,

-5.31,8.39,-0.52,-5.31,8.39,-0.52,-3.39,9.10,-1.30,-3.39,9.10,-1.30,-3.40,9.10,-1.20,-3.40,9.10,-1.20,
-5.33,8.17,-0.37,-5.33,8.17,-0.37,-3.17,8.93,-1.48,-3.17,8.93,-1.48,-3.23,8.92,-1.38,-3.23,8.92,-1.38,
-5.27,8.34,-0.36,-5.27,8.34,-0.36,-3.39,8.98,-1.43,-3.39,8.98,-1.43,-3.35,8.98,-1.43,-3.35,8.98,-1.43,
-5.44,8.08,-0.36,-5.44,8.08,-0.36,-2.97,8.89,-1.62,-2.97,8.89,-1.62,-2.89,8.94,-1.65,-2.89,8.94,-1.65,
-7.19,8.01,-1.59,-7.19,8.01,-1.59,-3.18,8.73,-2.22,-3.18,8.73,-2.22,-3.13,8.79,-2.18,-3.13,8.79,-2.18,
-10.35,7.99,-5.71,-10.35,7.99,-5.71,-3.86,10.34,-1.67,-3.86,10.34,-1.67,-3.75,10.29,-1.55,-3.75,10.29,-1.55,
-12.02,6.25,-5.60,-12.02,6.25,-5.60,-4.93,11.52,-0.56,-4.93,11.52,-0.56,-4.85,11.21,-0.62,-4.85,11.21,-0.62,
-11.02,5.52,-4.36,-11.02,5.52,-4.36,-3.74,9.47,-2.52,-3.74,9.47,-2.52,-3.92,9.09,-2.80,-3.92,9.09,-2.80,
-7.54,0.95,-2.68,-7.54,0.95,-2.68,-5.40,7.10,-3.55,-5.40,7.10,-3.55,-5.17,7.16,-3.34,-5.17,7.16,-3.34,
-3.91,-3.70,-2.33,-3.91,-3.70,-2.33,-5.39,5.35,-3.62,-5.39,5.35,-3.62,-5.64,5.14,-3.43,-5.64,5.14,-3.43,
-2.65,-5.40,-4.69,-2.65,-5.40,-4.69,-7.28,4.02,-2.69,-7.28,4.02,-2.69,-7.07,4.06,-2.76,-7.07,4.06,-2.76,
-1.97,-7.55,-5.15,-1.97,-7.55,-5.15,-8.40,3.13,-1.86,-8.40,3.13,-1.86,-8.47,3.22,-1.61,-8.47,3.22,-1.61,
-0.08,-9.11,-3.41,-0.08,-9.11,-3.41,-9.38,3.08,-0.39,-9.38,3.08,-0.39,-9.49,3.13,-0.22,-9.49,3.13,-0.22,
0.45,-9.76,-3.70,0.45,-9.76,-3.70,-9.90,2.77,-0.14,-9.90,2.77,-0.14,-9.83,2.73,0.17,-9.83,2.73,0.17,

-6.36,6.11,-3.94,-6.36,6.11,-3.94,-4.13,8.32,-2.33,-4.13,8.32,-2.33,-4.07,8.31,-2.17,-4.07,8.31,-2.17,
-6.41,6.43,-3.85,-6.41,6.43,-3.85,-4.32,8.42,-2.21,-4.32,8.42,-2.21,-4.28,8.49,-2.35,-4.28,8.49,-2.35,
-6.84,6.43,-4.03,-6.84,6.43,-4.03,-3.91,8.64,-2.46,-3.91,8.64,-2.46,-3.88,8.60,-2.53,-3.88,8.60,-2.53,
-6.57,6.78,-3.64,-6.57,6.78,-3.64,-4.10,8.64,-2.50,-4.10,8.64,-2.50,-4.11,8.62,-2.56,-4.11,8.62,-2.56,
-5.90,6.24,-3.99,-5.90,6.24,-3.99,-4.28,8.32,-1.98,-4.28,8.32,-1.98,-4.31,8.30,-1.99,-4.31,8.30,-1.99,
-6.77,5.58,-7.36,-6.77,5.58,-7.36,-4.99,8.55,-0.51,-4.99,8.55,-0.51,-5.11,8.59,-0.85,-5.11,8.59,-0.85,
-8.26,5.67,-7.88,-8.26,5.67,-7.88,-6.38,8.95,-0.48,-6.38,8.95,-0.48,-5.94,8.34,-0.60,-5.94,8.34,-0.60,
-10.42,5.91,-7.13,-10.42,5.91,-7.13,-5.83,8.38,-2.09,-5.83,8.38,-2.09,-6.44,9.03,-2.08,-6.44,9.03,-2.08,
-11.52,3.87,-5.50,-11.52,3.87,-5.50,-7.58,4.21,-7.90,-7.58,4.21,-7.90,-7.61,5.15,-7.02,-7.61,5.15,-7.02,
-11.22,1.95,-3.49,-11.22,1.95,-3.49,-7.25,7.13,-2.75,-7.25,7.13,-2.75,-7.19,7.21,-2.82,-7.19,7.21,-2.82,
-5.69,-1.66,-2.96,-5.69,-1.66,-2.96,-6.33,5.30,-3.97,-6.33,5.30,-3.97,-6.43,5.19,-4.20,-6.43,5.19,-4.20,
-3.63,-4.44,-2.61,-3.63,-4.44,-2.61,-5.74,3.99,-3.02,-5.74,3.99,-3.02,-5.97,4.15,-3.30,-5.97,4.15,-3.30,
-0.49,-7.58,-4.59,-0.49,-7.58,-4.59,-7.62,2.26,-4.82,-7.62,2.26,-4.82,-7.47,2.19,-4.79,-7.47,2.19,-4.79,
-0.96,-8.24,-4.55,-0.96,-8.24,-4.55,-8.16,3.06,-4.10,-8.16,3.06,-4.10,-8.28,3.10,-4.13,-8.28,3.10,-4.13,

-3.80,8.31,3.24,-3.80,8.31,3.24,-2.94,8.97,-2.33,-2.94,8.97,-2.33,-2.94,8.98,-2.26,-2.94,8.98,-2.26,
-3.85,8.47,3.33,-3.85,8.47,3.33,-2.62,8.90,-2.92,-2.62,8.90,-2.92,-2.63,8.93,-3.00,-2.63,8.93,-3.00,
-3.86,8.73,2.71,-3.86,8.73,2.71,-2.77,8.78,-3.24,-2.77,8.78,-3.24,-2.91,8.74,-3.22,-2.91,8.74,-3.22,
-4.13,8.43,1.92,-4.13,8.43,1.92,-2.74,8.75,-3.20,-2.74,8.75,-3.20,-2.69,8.62,-3.09,-2.69,8.62,-3.09,
-9.73,8.81,-1.47,-9.73,8.81,-1.47,-3.79,9.14,-2.04,-3.79,9.14,-2.04,-3.87,9.20,-2.07,-3.87,9.20,-2.07,
-12.06,8.87,-4.26,-12.06,8.87,-4.26,-4.35,9.90,-1.54,-4.35,9.90,-1.54,-4.40,10.08,-1.51,-4.40,10.08,-1.51,
-11.72,7.83,-3.44,-11.72,7.83,-3.44,-3.62,8.37,-3.61,-3.62,8.37,-3.61,-3.70,8.57,-3.85,-3.70,8.57,-3.85,
-8.38,3.41,-4.31,-8.38,3.41,-4.31,-5.40,8.35,-3.40,-5.40,8.35,-3.40,-5.64,7.77,-3.51,-5.64,7.77,-3.51,
-4.91,-0.70,-5.05,-4.91,-0.70,-5.05,-5.98,4.58,-5.05,-5.98,4.58,-5.05,-5.69,4.59,-5.06,-5.69,4.59,-5.06,
-4.00,-2.87,-4.80,-4.00,-2.87,-4.80,-7.34,2.90,-3.60,-7.34,2.90,-3.60,-7.70,3.15,-3.82,-7.70,3.15,-3.82,
-1.73,-9.55,-0.30,-1.73,-9.55,-0.30,-9.18,1.43,-2.46,-9.18,1.43,-2.46,-9.23,1.53,-2.63,-9.23,1.53,-2.63,
2.01,-7.52,-2.17,2.01,-7.52,-2.17,-9.19,2.21,-1.21,-9.19,2.21,-1.21,-8.91,1.90,-1.24,-8.91,1.90,-1.24,
5.59,-8.83,-2.23,5.59,-8.83,-2.23,-9.10,1.28,-0.23,-9.10,1.28,-0.23,-8.85,1.22,-0.14,-8.85,1.22,-0.14,
0.94,-8.57,-4.30,0.94,-8.57,-4.30,-9.18,2.03,-0.89,-9.18,2.03,-0.89,-9.00,2.09,-0.83,-9.00,2.09,-0.83,
-0.54,-8.78,-4.95,-0.54,-8.78,-4.95,-9.14,1.89,-1.89,-9.14,1.89,-1.89,-9.11,1.92,-1.80,-9.11,1.92,-1.80,
0.29,-8.83,-4.94,0.29,-8.83,-4.94,-9.19,2.17,-1.96,-9.19,2.17,-1.96,-9.16,2.22,-2.06,-9.16,2.22,-2.06,
1.01,-8.90,-4.72,1.01,-8.90,-4.72,-9.47,2.30,-1.82,-9.47,2.30,-1.82,-9.32,2.30,-1.79,-9.32,2.30,-1.79,
0.54,-8.75,-4.93,0.54,-8.75,-4.93,-9.28,2.60,-2.45,-9.28,2.60,-2.45,-9.45,2.53,-2.55,-9.45,2.53,-2.55,

-3.96,8.82,1.63,-3.96,8.82,1.63,-3.72,8.90,-1.48,-3.72,8.90,-1.48,-3.69,8.90,-1.61,-3.69,8.90,-1.61,
-4.31,8.80,1.67,-4.31,8.80,1.67,-3.72,9.09,-1.37,-3.72,9.09,-1.37,-3.66,9.11,-1.35,-3.66,9.11,-1.35,
-5.40,8.80,2.31,-5.40,8.80,2.31,-4.11,9.09,-0.97,-4.11,9.09,-0.97,-4.10,9.13,-0.87,-4.10,9.13,-0.87,
-6.70,7.63,1.25,-6.70,7.63,1.25,-3.45,9.12,0.38,-3.45,9.12,0.38,-3.55,9.07,0.49,-3.55,9.07,0.49,
-13.44,5.87,-2.66,-13.44,5.87,-2.66,-4.65,8.05,0.37,-4.65,8.05,0.37,-4.55,8.12,0.37,-4.55,8.12,0.37,
-12.57,4.76,-5.23,-12.57,4.76,-5.23,-5.29,9.93,-0.53,-5.29,9.93,-0.53,-6.06,9.76,-0.67,-6.06,9.76,-0.67,
-9.25,3.13,-4.34,-9.25,3.13,-4.34,-7.78,8.51,-3.45,-7.78,8.51,-3.45,-7.29,8.39,-3.54,-7.29,8.39,-3.54,
-5.85,-1.52,-5.83,-5.85,-1.52,-5.83,-6.56,8.11,-3.01,-6.56,8.11,-3.01,-6.76,8.03,-2.87,-6.76,8.03,-2.87,
-5.35,-3.23,-3.98,-5.35,-3.23,-3.98,-4.70,6.54,-3.67,-4.70,6.54,-3.67,-4.68,6.50,-3.84,-4.68,6.50,-3.84,
-3.03,-5.28,-3.78,-3.03,-5.28,-3.78,-7.10,4.42,-2.45,-7.10,4.42,-2.45,-7.04,4.49,-2.35,-7.04,4.49,-2.35,
-0.90,-8.14,-4.35,-0.90,-8.14,-4.35,-7.65,3.13,-0.75,-7.65,3.13,-0.75,-7.45,3.20,-0.76,-7.45,3.20,-0.76,

-3.75,7.78,4.44,-3.75,7.78,4.44,-3.28,8.90,-1.52,-3.28,8.90,-1.52,-3.25,8.88,-1.61,-3.25,8.88,-1.61,
-3.86,7.85,4.35,-3.86,7.85,4.35,-3.30,8.97,-1.41,-3.30,8.97,-1.41,-3.38,8.92,-1.51,-3.38,8.92,-1.51,
-4.61,7.51,3.06,-4.61,7.51,3.06,-3.43,8.87,-1.71,-3.43,8.87,-1.71,-3.67,8.97,-1.62,-3.67,8.97,-1.62,
-8.67,9.63,1.62,-8.67,9.63,1.62,-3.48,9.40,-2.18,-3.48,9.40,-2.18,-3.72,9.58,-2.20,-3.72,9.58,-2.20,
-11.33,6.96,-3.97,-11.33,6.96,-3.97,-3.46,8.45,-0.94,-3.46,8.45,-0.94,-3.58,8.30,-1.07,-3.58,8.30,-1.07,
-11.86,5.40,-5.85,-11.86,5.40,-5.85,-5.56,8.05,0.13,-5.56,8.05,0.13,-5.73,8.19,-0.03,-5.73,8.19,-0.03,
-10.70,0.70,-3.70,-10.70,0.70,-3.70,-4.36,8.23,-2.93,-4.36,8.23,-2.93,-4.62,8.17,-2.41,-4.62,8.17,-2.41,
-5.67,-1.09,-2.21,-5.67,-1.09,-2.21,-5.38,6.42,-3.88,-5.38,6.42,-3.88,-5.57,6.45,-3.80,-5.57,6.45,-3.80,
-2.51,-4.08,-3.33,-2.51,-4.08,-3.33,-6.82,4.87,-2.98,-6.82,4.87,-2.98,-7.10,4.95,-3.11,-7.10,4.95,-3.11,
-2.02,-6.00,-5.00,-2.02,-6.00,-5.00,-8.00,3.01,-1.88,-8.00,3.01,-1.88,-8.07,2.87,-1.70,-8.07,2.87,-1.70,
1.92,-8.57,-5.62,1.92,-8.57,-5.62,-9.85,2.81,-2.46,-9.85,2.81,-2.46,-9.61,2.82,-2.43,-9.61,2.82,-2.43,
2.19,-8.47,-4.47,2.19,-8.47,-4.47,-8.76,1.43,-1.63,-8.76,1.43,-1.63,-8.65,1.57,-1.76,-8.65,1.57,-1.76,
1.58,-8.07,-4.90,1.58,-8.07,-4.90,-8.59,1.00,-1.55,-8.59,1.00,-1.55,-8.65,1.03,-1.51,-8.65,1.03,-1.51,

-5.61,8.08,0.27,-5.61,8.08,0.27,-4.09,8.81,-1.22,-4.09,8.81,-1.22,-4.09,8.82,-1.20,-4.09,8.82,-1.20,
-5.65,8.08,0.19,-5.65,8.08,0.19,-3.98,8.77,-1.27,-3.98,8.77,-1.27,-3.95,8.76,-1.38,-3.95,8.76,-1.38,
-5.45,7.88,0.67,-5.45,7.88,0.67,-4.00,8.71,-1.18,-4.00,8.71,-1.18,-4.10,8.66,-1.18,-4.10,8.66,-1.18,
-6.00,8.08,0.67,-6.00,8.08,0.67,-4.02,8.82,-1.06,-4.02,8.82,-1.06,-4.04,8.84,-1.06,-4.04,8.84,-1.06,
-6.00,8.31,-0.07,-6.00,8.31,-0.07,-4.35,8.76,-1.28,-4.35,8.76,-1.28,-4.39,8.69,-1.16,-4.39,8.69,-1.16,
-9.52,8.02,-6.65,-9.52,8.02,-6.65,-4.08,8.93,-0.84,-4.08,8.93,-0.84,-4.10,8.97,-0.66,-4.10,8.97,-0.66,
-10.90,7.27,-4.04,-10.90,7.27,-4.04,-4.43,9.38,0.28,-4.43,9.38,0.28,-4.59,9.30,0.12,-4.59,9.30,0.12,
-11.18,2.47,-4.56,-11.18,2.47,-4.56,-9.27,5.86,-0.69,-9.27,5.86,-0.69,-7.48,5.49,-0.71,-7.48,5.49,-0.71,
-9.42,0.18,-3.17,-9.42,0.18,-3.17,-8.32,7.53,-3.62,-8.32,7.53,-3.62,-8.08,7.59,-4.18,-8.08,7.59,-4.18,
-5.88,-2.14,-2.73,-5.88,-2.14,-2.73,-6.37,5.59,-3.86,-6.37,5.59,-3.86,-6.37,5.82,-3.92,-6.37,5.82,-3.92,
-1.80,-4.71,-2.66,-1.80,-4.71,-2.66,-7.17,3.02,-2.42,-7.17,3.02,-2.42,-7.06,3.07,-2.29,-7.06,3.07,-2.29,
1.18,-6.73,-4.19,1.18,-6.73,-4.19,-8.58,1.69,-3.19,-8.58,1.69,-3.19,-8.60,1.63,-3.02,-8.60,1.63,-3.02,
3.37,-8.49,-3.96,3.37,-8.49,-3.96,-8.89,1.44,-1.93,-8.89,1.44,-1.93,-8.85,1.53,-2.22,-8.85,1.53,-2.22,
1.05,-8.49,-3.91,1.05,-8.49,-3.91,-8.90,1.29,-2.94,-8.90,1.29,-2.94,-9.07,1.35,-2.81,-9.07,1.35,-2.81,

-6.42,7.76,1.18,-6.42,7.76,1.18,-3.93,8.96,-0.82,-3.93,8.96,-0.82,-3.86,9.01,-0.87,-3.86,9.01,-0.87,
-5.80,7.71,1.19,-5.80,7.71,1.19,-3.98,8.83,-1.17,-3.98,8.83,-1.17,-4.00,8.83,-1.04,-4.00,8.83,-1.04,
-6.05,7.70,1.46,-6.05,7.70,1.46,-3.88,8.85,-1.25,-3.88,8.85,-1.25,-3.72,8.83,-1.31,-3.72,8.83,-1.31,
-6.06,7.77,0.88,-6.06,7.77,0.88,-3.76,8.79,-1.11,-3.76,8.79,-1.11,-3.77,8.71,-1.07,-3.77,8.71,-1.07,
-9.57,7.69,-4.36,-9.57,7.69,-4.36,-4.37,8.62,-0.67,-4.37,8.62,-0.67,-4.66,8.73,-0.75,-4.66,8.73,-0.75,
-11.63,7.14,-4.92,-11.63,7.14,-4.92,-5.62,10.08,1.90,-5.62,10.08,1.90,-5.37,10.45,1.46,-5.37,10.45,1.46,
-11.97,6.05,-3.05,-11.97,6.05,-3.05,-6.45,8.59,-0.96,-6.45,8.59,-0.96,-6.38,8.40,-1.20,-6.38,8.40,-1.20,
-8.88,2.26,-3.97,-8.88,2.26,-3.97,-7.98,7.08,-3.34,-7.98,7.08,-3.34,-8.12,7.11,-3.21,-8.12,7.11,-3.21,
-4.55,-2.10,-3.00,-4.55,-2.10,-3.00,-6.91,4.79,-2.61,-6.91,4.79,-2.61,-6.79,4.84,-2.71,-6.79,4.84,-2.71,
-2.37,-4.28,-3.73,-2.37,-4.28,-3.73,-7.92,3.01,-3.20,-7.92,3.01,-3.20,-7.37,3.18,-2.99,-7.37,3.18,-2.99,
-1.15,-6.06,-3.79,-1.15,-6.06,-3.79,-7.57,2.50,-2.57,-7.57,2.50,-2.57,-7.75,2.53,-2.57,-7.75,2.53,-2.57,
0.75,-8.14,-4.66,0.75,-8.14,-4.66,-8.63,3.73,-1.62,-8.63,3.73,-1.62,-8.68,3.45,-1.37,-8.68,3.45,-1.37,
1.96,-9.27,-4.94,1.96,-9.27,-4.94,-9.48,3.85,-0.65,-9.48,3.85,-0.65,-9.58,3.92,-0.81,-9.58,3.92,-0.81,
2.31,-8.77,-4.45,2.31,-8.77,-4.45,-9.13,4.13,-0.23,-9.13,4.13,-0.23,-9.10,4.11,-0.31,-9.10,4.11,-0.31,
1.40,-8.49,-4.61,1.40,-8.49,-4.61,-8.97,3.34,-0.73,-8.97,3.34,-0.73,-8.87,3.34,-0.84,-8.87,3.34,-0.84,

-3.68,8.71,2.37,-3.68,8.71,2.37,-3.28,9.02,-1.47,-3.28,9.02,-1.47,-3.32,8.96,-1.40,-3.32,8.96,-1.40,
-3.76,8.72,2.40,-3.76,8.72,2.40,-3.34,8.97,-1.41,-3.34,8.97,-1.41,-3.28,8.94,-1.46,-3.28,8.94,-1.46,
-4.06,8.80,1.96,-4.06,8.80,1.96,-3.41,8.92,-1.44,-3.41,8.92,-1.44,-3.47,8.84,-1.48,-3.47,8.84,-1.48,
-8.29,8.52,0.08,-8.29,8.52,0.08,-3.06,9.36,-0.66,-3.06,9.36,-0.66,-2.92,9.64,-0.74,-2.92,9.64,-0.74,
-13.96,9.11,-2.75,-13.96,9.11,-2.75,-4.96,9.97,0.58,-4.96,9.97,0.58,-5.13,9.92,0.74,-5.13,9.92,0.74,
-13.09,7.61,-3.26,-13.09,7.61,-3.26,-5.30,9.46,0.15,-5.30,9.46,0.15,-5.53,9.63,0.60,-5.53,9.63,0.60,
-9.72,2.05,-2.97,-9.72,2.05,-2.97,-5.77,7.66,-3.89,-5.77,7.66,-3.89,-5.85,7.85,-3.63,-5.85,7.85,-3.63,
-5.09,-2.81,-3.42,-5.09,-2.81,-3.42,-6.20,5.70,-2.83,-6.20,5.70,-2.83,-6.56,5.55,-2.81,-6.56,5.55,-2.81,
-1.70,-4.64,-3.54,-1.70,-4.64,-3.54,-6.27,2.77,-3.04,-6.27,2.77,-3.04,-6.53,2.83,-2.87,-6.53,2.83,-2.87,
0.78,-6.85,-4.38,0.78,-6.85,-4.38,-8.05,2.61,-2.72,-8.05,2.61,-2.72,-8.23,2.68,-2.90,-8.23,2.68,-2.90,
1.94,-8.34,-5.41,1.94,-8.34,-5.41,-8.71,2.22,-1.91,-8.71,2.22,-1.91,-8.73,2.32,-2.06,-8.73,2.32,-2.06,
0.20,-8.50,-5.12,0.20,-8.50,-5.12,-8.76,2.61,-1.76,-8.76,2.61,-1.76,-8.76,2.61,-1.77,-8.76,2.61,-1.77,
-0.74,-8.70,-5.20,-0.74,-8.70,-5.20,-8.64,3.00,-1.95,-8.64,3.00,-1.95,-8.75,2.77,-2.30,-8.75,2.77,-2.30,

-3.21,8.62,2.78,-3.21,8.62,2.78,-2.66,9.20,-1.85,-2.66,9.20,-1.85,-2.67,9.20,-1.81,-2.67,9.20,-1.81,
-3.60,8.79,2.48,-3.60,8.79,2.48,-2.87,9.06,-1.80,-2.87,9.06,-1.80,-2.88,9.12,-1.78,-2.88,9.12,-1.78,
-3.76,8.90,1.99,-3.76,8.90,1.99,-3.02,9.07,-1.72,-3.02,9.07,-1.72,-2.93,9.05,-1.73,-2.93,9.05,-1.73,
-3.22,8.29,-1.96,-3.22,8.29,-1.96,-3.24,8.30,-0.63,-3.24,8.30,-0.63,-3.35,8.34,-0.44,-3.35,8.34,-0.44,
-9.22,10.71,-5.01,-9.22,10.71,-5.01,-5.11,8.62,-1.37,-5.11,8.62,-1.37,-5.33,8.77,-1.26,-5.33,8.77,-1.26,
-12.71,10.45,2.18,-12.71,10.45,2.18,-3.24,10.66,-1.58,-3.24,10.66,-1.58,-3.40,10.27,-1.79,-3.40,10.27,-1.79,
-13.99,7.28,4.22,-13.99,7.28,4.22,-6.50,8.07,-1.58,-6.50,8.07,-1.58,-6.75,8.10,-1.79,-6.75,8.10,-1.79,
-8.72,1.45,1.39,-8.72,1.45,1.39,-7.63,5.36,-1.04,-7.63,5.36,-1.04,-8.22,3.36,-0.39,-8.22,3.36,-0.39,
-4.80,-4.47,0.21,-4.80,-4.47,0.21,-7.62,4.13,-3.42,-7.62,4.13,-3.42,-7.81,4.10,-3.09,-7.81,4.10,-3.09,
-6.11,-3.24,-0.53,-6.11,-3.24,-0.53,-6.13,1.04,-3.08,-6.13,1.04,-3.08,-6.37,1.14,-2.89,-6.37,1.14,-2.89,
-2.23,-5.90,-4.77,-2.23,-5.90,-4.77,-7.32,0.31,-4.11,-7.32,0.31,-4.11,-7.40,0.34,-4.12,-7.40,0.34,-4.12,
3.10,-9.18,-6.55,3.10,-9.18,-6.55,-8.61,0.91,-5.40,-8.61,0.91,-5.40,-8.50,0.79,-5.47,-8.50,0.79,-5.47,
1.64,-7.27,-6.80,1.64,-7.27,-6.80,-7.76,-0.39,-5.35,-7.76,-0.39,-5.35,-7.78,-0.41,-5.43,-7.78,-0.41,-5.43,
0.55,-7.67,-6.07,0.55,-7.67,-6.07,-7.91,-0.46,-5.38,-7.91,-0.46,-5.38,-7.91,-0.57,-5.36,-7.91,-0.57,-5.36,
-0.65,-8.03,-5.57,-0.65,-8.03,-5.57,-8.14,-0.35,-5.15,-8.14,-0.35,-5.15,-8.10,-0.31,-5.02,-8.10,-0.31,-5.02,
-1.42,-8.36,-5.61,-1.42,-8.36,-5.61,-8.43,-0.12,-4.91,-8.43,-0.12,-4.91,-8.47,-0.17,-4.98,-8.47,-0.17,-4.98,

-3.69,8.82,1.97,-3.69,8.82,1.97,-3.04,9.24,-0.38,-3.04,9.24,-0.38,-3.03,9.25,-0.54,-3.03,9.25,-0.54,
-3.59,8.82,1.98,-3.59,8.82,1.98,-3.04,9.22,-0.54,-3.04,9.22,-0.54,-3.09,9.24,-0.46,-3.09,9.24,-0.46,
-3.85,8.83,1.96,-3.85,8.83,1.96,-3.16,9.24,-0.45,-3.16,9.24,-0.45,-3.12,9.24,-0.50,-3.12,9.24,-0.50,
-3.63,8.87,2.20,-3.63,8.87,2.20,-3.18,9.24,-0.45,-3.18,9.24,-0.45,-3.14,9.27,-0.38,-3.14,9.27,-0.38,
-4.48,9.23,0.97,-4.48,9.23,0.97,-3.56,9.20,-0.42,-3.56,9.20,-0.42,-3.57,9.17,-0.31,-3.57,9.17,-0.31,
-7.93,8.54,-0.21,-7.93,8.54,-0.21,-4.71,8.74,0.89,-4.71,8.74,0.89,-4.73,8.70,0.74,-4.73,8.70,0.74,
-11.96,6.72,-2.80,-11.96,6.72,-2.80,-6.15,8.77,1.81,-6.15,8.77,1.81,-5.79,8.99,1.71,-5.79,8.99,1.71,
-14.73,5.38,-2.66,-14.73,5.38,-2.66,-5.08,8.89,1.04,-5.08,8.89,1.04,-4.96,8.73,0.92,-4.96,8.73,0.92,
-9.10,1.47,-2.94,-9.10,1.47,-2.94,-9.47,6.70,-3.33,-9.47,6.70,-3.33,-9.28,6.67,-2.93,-9.28,6.67,-2.93,
-6.93,-1.34,-2.86,-6.93,-1.34,-2.86,-7.68,4.89,-2.41,-7.68,4.89,-2.41,-7.46,4.99,-2.50,-7.46,4.99,-2.50,
-4.60,-3.43,-3.44,-4.60,-3.43,-3.44,-7.50,3.60,-1.18,-7.50,3.60,-1.18,-7.45,3.54,-1.11,-7.45,3.54,-1.11,
-3.20,-5.32,-3.48,-3.20,-5.32,-3.48,-7.99,2.87,-1.44,-7.99,2.87,-1.44,-7.97,2.75,-1.54,-7.97,2.75,-1.54,
0.34,-8.64,-5.38,0.34,-8.64,-5.38,-9.46,2.57,-0.29,-9.46,2.57,-0.29,-9.35,2.61,-0.41,-9.35,2.61,-0.41,
-0.54,-8.41,-5.35,-0.54,-8.41,-5.35,-8.96,2.48,-0.67,-8.96,2.48,-0.67,-8.92,2.43,-0.61,-8.92,2.43,-0.61,
-0.62,-8.17,-4.58,-0.62,-8.17,-4.58,-9.11,1.97,-1.31,-9.11,1.97,-1.31,-9.11,1.81,-1.24,-9.11,1.81,-1.24,
-0.73,-8.12,-4.89,-0.73,-8.12,-4.89,-9.35,1.49,-1.24,-9.35,1.49,-1.24,-9.38,1.43,-1.08,-9.38,1.43,-1.08,
-0.75,-8.61,-4.95,-0.75,-8.61,-4.95,-9.73,1.15,-1.26,-9.73,1.15,-1.26,-9.61,1.03,-1.28,-9.61,1.03,-1.28,

-3.63,8.78,2.74,-3.63,8.78,2.74,-3.03,9.20,-0.40,-3.03,9.20,-0.40,-3.06,9.23,-0.44,-3.06,9.23,-0.44,
-3.55,8.77,2.45,-3.55,8.77,2.45,-2.98,9.19,-0.39,-2.98,9.19,-0.39,-3.01,9.16,-0.43,-3.01,9.16,-0.43,
-4.03,8.77,1.73,-4.03,8.77,1.73,-3.39,9.10,-0.10,-3.39,9.10,-0.10,-3.34,9.07,-0.08,-3.34,9.07,-0.08,
-7.33,8.81,1.29,-7.33,8.81,1.29,-3.99,9.12,0.08,-3.99,9.12,0.08,-4.11,9.11,0.13,-4.11,9.11,0.13,
-8.99,8.52,-0.52,-8.99,8.52,-0.52,-4.43,8.68,0.42,-4.43,8.68,0.42,-4.34,8.65,0.34,-4.34,8.65,0.34,
-13.61,6.56,-1.55,-13.61,6.56,-1.55,-4.57,9.41,2.67,-4.57,9.41,2.67,-4.55,9.01,2.67,-4.55,9.01,2.67,
-12.72,4.01,-3.51,-12.72,4.01,-3.51,-6.41,9.47,-0.66,-6.41,9.47,-0.66,-6.75,9.33,-0.96,-6.75,9.33,-0.96,
-5.62,-0.89,-2.78,-5.62,-0.89,-2.78,-7.67,6.46,-2.05,-7.67,6.46,-2.05,-7.11,6.36,-2.14,-7.11,6.36,-2.14,
-4.74,-3.72,-2.10,-4.74,-3.72,-2.10,-5.39,2.49,-0.86,-5.39,2.49,-0.86,-5.93,2.56,-1.23,-5.93,2.56,-1.23,
-1.19,-5.71,-3.07,-1.19,-5.71,-3.07,-7.92,2.06,-0.93,-7.92,2.06,-0.93,-7.99,1.78,-1.26,-7.99,1.78,-1.26,
1.15,-7.28,-4.35,1.15,-7.28,-4.35,-10.01,0.84,-0.59,-10.01,0.84,-0.59,-10.05,0.72,-0.82,-10.05,0.72,-0.82,
1.34,-8.49,-5.01,1.34,-8.49,-5.01,-9.98,0.77,0.41,-9.98,0.77,0.41,-9.81,1.12,0.34,-9.81,1.12,0.34,
0.39,-8.54,-4.80,0.39,-8.54,-4.80,-9.70,1.04,0.24,-9.70,1.04,0.24,-9.82,1.03,0.18,-9.82,1.03,0.18,
-0.89,-8.39,-5.00,-0.89,-8.39,-5.00,-9.78,0.94,-0.41,-9.78,0.94,-0.41,-9.74,0.85,-0.32,-9.74,0.85,-0.32,
-1.59,-8.54,-5.16,-1.59,-8.54,-5.16,-9.68,1.24,-0.47,-9.68,1.24,-0.47,-9.73,1.24,-0.36,-9.73,1.24,-0.36,

-3.26,8.62,3.00,-3.26,8.62,3.00,-2.54,9.04,-0.87,-2.54,9.04,-0.87,-3.03,9.08,-0.90,-3.03,9.08,-0.90,
-3.48,8.78,2.69,-3.48,8.78,2.69,-2.91,9.27,-0.84,-2.91,9.27,-0.84,-2.93,9.27,-0.65,-2.93,9.27,-0.65,
-3.15,8.75,2.71,-3.15,8.75,2.71,-3.02,9.13,-1.15,-3.02,9.13,-1.15,-3.00,9.09,-1.21,-3.00,9.09,-1.21,
-4.10,8.61,0.64,-4.10,8.61,0.64,-3.20,9.51,-0.86,-3.20,9.51,-0.86,-3.16,9.50,-0.93,-3.16,9.50,-0.93,
-12.74,10.16,-8.78,-12.74,10.16,-8.78,-4.78,10.14,-1.18,-4.78,10.14,-1.18,-5.13,10.29,-1.52,-5.13,10.29,-1.52,
-11.38,9.77,0.42,-11.38,9.77,0.42,-3.70,10.27,0.71,-3.70,10.27,0.71,-3.78,9.62,0.30,-3.78,9.62,0.30,
-9.76,7.09,1.05,-9.76,7.09,1.05,-3.12,9.89,-0.80,-3.12,9.89,-0.80,-2.74,10.94,-0.74,-2.74,10.94,-0.74,
-5.79,-1.04,-2.01,-5.79,-1.04,-2.01,-7.75,4.56,0.31,-7.75,4.56,0.31,-7.84,4.54,0.24,-7.84,4.54,0.24,
-3.67,-6.07,-3.84,-3.67,-6.07,-3.84,-10.43,3.86,-0.01,-10.43,3.86,-0.01,-10.47,3.61,0.13,-10.47,3.61,0.13,
-1.68,-7.55,-4.05,-1.68,-7.55,-4.05,-9.67,2.92,0.05,-9.67,2.92,0.05,-9.55,2.65,0.40,-9.55,2.65,0.40,
-0.82,-8.41,-4.52,-0.82,-8.41,-4.52,-8.22,2.05,0.97,-8.22,2.05,0.97,-8.45,1.84,1.11,-8.45,1.84,1.11,
-1.19,-8.24,-4.22,-1.19,-8.24,-4.22,-9.08,0.85,1.33,-9.08,0.85,1.33,-9.15,0.86,1.33,-9.15,0.86,1.33,
0.34,-8.81,-3.89,0.34,-8.81,-3.89,-9.72,0.96,1.71,-9.72,0.96,1.71,-9.69,1.07,1.75,-9.69,1.07,1.75,
-0.32,-8.76,-4.93,-0.32,-8.76,-4.93,-9.57,1.40,1.30,-9.57,1.40,1.30,-9.64,1.47,1.25,-9.64,1.47,1.25,
-0.92,-8.18,-4.64,-0.92,-8.18,-4.64,-9.18,1.79,1.19,-9.18,1.79,1.19,-9.24,1.77,1.15,-9.24,1.77,1.15,

-3.20,8.92,2.72,-3.20,8.92,2.72,-2.97,9.28,-0.40,-2.97,9.28,-0.40,-2.90,9.26,-0.57,-2.90,9.26,-0.57,
-3.25,8.84,2.51,-3.25,8.84,2.51,-2.96,9.21,-0.33,-2.96,9.21,-0.33,-2.98,9.27,-0.30,-2.98,9.27,-0.30,
-3.27,8.99,2.55,-3.27,8.99,2.55,-3.18,9.20,-0.40,-3.18,9.20,-0.40,-3.19,9.21,-0.54,-3.19,9.21,-0.54,
-4.13,8.92,1.84,-4.13,8.92,1.84,-3.22,9.05,-0.08,-3.22,9.05,-0.08,-3.22,9.07,-0.10,-3.22,9.07,-0.10,
-8.75,7.93,0.86,-8.75,7.93,0.86,-5.11,8.98,2.31,-5.11,8.98,2.31,-4.98,9.16,2.14,-4.98,9.16,2.14,
-15.12,7.21,-6.12,-15.12,7.21,-6.12,-6.71,9.80,2.89,-6.71,9.80,2.89,-6.69,10.20,2.50,-6.69,10.20,2.50,
-13.72,7.01,-1.24,-13.72,7.01,-1.24,-5.88,8.85,0.69,-5.88,8.85,0.69,-5.62,8.48,0.82,-5.62,8.48,0.82,
-9.83,4.41,-2.32,-9.83,4.41,-2.32,-7.11,7.71,-1.30,-7.11,7.71,-1.30,-7.51,7.26,-1.34,-7.51,7.26,-1.34,
-4.23,-2.43,-2.31,-4.23,-2.43,-2.31,-7.38,5.47,-0.64,-7.38,5.47,-0.64,-7.54,5.39,-0.55,-7.54,5.39,-0.55,
-1.51,-5.50,-3.89,-1.51,-5.50,-3.89,-8.09,3.53,-0.32,-8.09,3.53,-0.32,-8.21,3.37,-0.38,-8.21,3.37,-0.38,
0.05,-7.08,-5.72,0.05,-7.08,-5.72,-8.40,4.16,-0.75,-8.40,4.16,-0.75,-8.37,3.93,-0.44,-8.37,3.93,-0.44,
-1.63,-7.63,-4.47,-1.63,-7.63,-4.47,-8.11,2.66,0.68,-8.11,2.66,0.68,-8.17,2.64,0.54,-8.17,2.64,0.54,
-1.52,-8.35,-4.74,-1.52,-8.35,-4.74,-8.90,2.40,1.00,-8.90,2.40,1.00,-8.84,2.42,0.91,-8.84,2.42,0.91,

-2.97,9.07,1.81,-2.97,9.07,1.81,-2.75,9.14,-1.15,-2.75,9.14,-1.15,-2.74,9.16,-1.25,-2.74,9.16,-1.25,
-2.92,8.94,2.07,-2.92,8.94,2.07,-2.83,9.21,-1.19,-2.83,9.21,-1.19,-2.79,9.25,-1.15,-2.79,9.25,-1.15,
-2.93,8.99,2.17,-2.93,8.99,2.17,-2.79,9.06,-1.31,-2.79,9.06,-1.31,-2.76,9.06,-1.35,-2.76,9.06,-1.35,
-3.94,9.23,2.14,-3.94,9.23,2.14,-3.06,9.37,-1.24,-3.06,9.37,-1.24,-3.09,9.35,-1.20,-3.09,9.35,-1.20,
-3.62,8.79,1.94,-3.62,8.79,1.94,-2.45,9.28,-1.37,-2.45,9.28,-1.37,-2.45,9.27,-1.31,-2.45,9.27,-1.31,
-4.02,8.69,2.85,-4.02,8.69,2.85,-2.59,9.09,-1.72,-2.59,9.09,-1.72,-2.69,9.06,-1.67,-2.69,9.06,-1.67,
-4.67,8.18,0.90,-4.67,8.18,0.90,-2.63,8.74,-1.63,-2.63,8.74,-1.63,-2.62,8.79,-1.75,-2.62,8.79,-1.75,
-9.79,8.92,-0.44,-9.79,8.92,-0.44,-2.62,9.85,-1.54,-2.62,9.85,-1.54,-2.80,9.64,-1.50,-2.80,9.64,-1.50,
-13.22,7.76,-3.59,-13.22,7.76,-3.59,-3.65,11.58,-0.92,-3.65,11.58,-0.92,-3.40,12.39,-1.12,-3.40,12.39,-1.12,
-10.87,2.77,-2.86,-10.87,2.77,-2.86,-8.03,9.84,-1.21,-8.03,9.84,-1.21,-7.94,9.98,-0.92,-7.94,9.98,-0.92,
-6.22,-1.65,-4.02,-6.22,-1.65,-4.02,-8.97,6.61,-2.68,-8.97,6.61,-2.68,-8.83,5.93,-2.98,-8.83,5.93,-2.98,
-3.10,-4.35,-4.84,-3.10,-4.35,-4.84,-7.97,3.19,-2.47,-7.97,3.19,-2.47,-8.05,3.24,-2.31,-8.05,3.24,-2.31,
-1.37,-5.15,-3.46,-1.37,-5.15,-3.46,-7.22,1.70,-0.98,-7.22,1.70,-0.98,-7.49,1.66,-0.88,-7.49,1.66,-0.88,
0.98,-6.77,-3.63,0.98,-6.77,-3.63,-9.04,0.24,-0.58,-9.04,0.24,-0.58,-9.14,0.16,-0.53,-9.14,0.16,-0.53,
3.10,-8.77,-2.98,3.10,-8.77,-2.98,-10.16,-0.16,0.50,-10.16,-0.16,0.50,-10.24,-0.13,0.47,-10.24,-0.13,0.47,
1.80,-8.80,-3.80,1.80,-8.80,-3.80,-9.95,-0.00,0.38,-9.95,-0.00,0.38,-9.91,0.01,0.43,-9.91,0.01,0.43,

-3.80,8.69,1.95,-3.80,8.69,1.95,-3.28,9.06,-0.33,-3.28,9.06,-0.33,-3.35,8.91,-0.52,-3.35,8.91,-0.52,
-4.49,8.57,1.60,-4.49,8.57,1.60,-3.17,9.12,-0.13,-3.17,9.12,-0.13,-3.17,9.09,-0.15,-3.17,9.09,-0.15,
-4.05,8.72,1.97,-4.05,8.72,1.97,-3.55,9.21,-0.27,-3.55,9.21,-0.27,-3.57,9.14,-0.19,-3.57,9.14,-0.19,
-4.08,8.53,1.03,-4.08,8.53,1.03,-3.97,8.62,-0.00,-3.97,8.62,-0.00,-3.96,8.59,-0.00,-3.96,8.59,-0.00,
-4.47,8.75,0.10,-4.47,8.75,0.10,-3.78,8.67,0.25,-3.78,8.67,0.25,-3.98,8.59,0.24,-3.98,8.59,0.24,
-7.51,8.16,-1.34,-7.51,8.16,-1.34,-4.69,8.54,0.71,-4.69,8.54,0.71,-4.76,8.53,0.58,-4.76,8.53,0.58,
-8.17,10.40,-0.01,-8.17,10.40,-0.01,-4.48,10.35,-0.37,-4.48,10.35,-0.37,-4.60,10.17,-0.26,-4.60,10.17,-0.26,
-12.90,8.39,0.09,-12.90,8.39,0.09,-3.63,11.32,-0.92,-3.63,11.32,-0.92,-3.39,11.41,-1.12,-3.39,11.41,-1.12,
-11.14,4.53,-5.12,-11.14,4.53,-5.12,-5.20,7.57,2.74,-5.20,7.57,2.74,-4.96,8.33,2.61,-4.96,8.33,2.61,
-6.68,-1.63,-4.08,-6.68,-1.63,-4.08,-6.57,8.25,-1.79,-6.57,8.25,-1.79,-6.49,8.43,-2.04,-6.49,8.43,-2.04,
-2.82,-3.67,-3.42,-2.82,-3.67,-3.42,-6.15,5.95,-1.28,-6.15,5.95,-1.28,-6.25,6.12,-1.36,-6.25,6.12,-1.36,
-0.19,-5.60,-3.47,-0.19,-5.60,-3.47,-7.09,3.62,-0.69,-7.09,3.62,-0.69,-7.24,3.58,-0.60,-7.24,3.58,-0.60,
0.18,-7.57,-3.84,0.18,-7.57,-3.84,-8.26,3.36,1.22,-8.26,3.36,1.22,-8.37,3.30,1.22,-8.37,3.30,1.22,
0.49,-8.65,-5.69,0.49,-8.65,-5.69,-9.08,3.59,2.11,-9.08,3.59,2.11,-9.07,3.66,2.11,-9.07,3.66,2.11,
-0.28,-8.63,-5.81,-0.28,-8.63,-5.81,-8.87,3.92,1.16,-8.87,3.92,1.16,-8.86,3.96,1.09,-8.86,3.96,1.09,

-2.20,9.60,0.98,-2.20,9.60,0.98,-3.67,8.70,-2.39,-3.67,8.70,-2.39,-3.61,8.60,-2.21,-3.61,8.60,-2.21,
-2.44,9.85,0.31,-2.44,9.85,0.31,-4.02,9.81,-2.43,-4.02,9.81,-2.43,-3.95,9.84,-2.31,-3.95,9.84,-2.31,
-4.78,9.31,0.41,-4.78,9.31,0.41,-3.71,9.23,-0.85,-3.71,9.23,-0.85,-3.86,9.02,-0.87,-3.86,9.02,-0.87,
-3.44,8.21,2.17,-3.44,8.21,2.17,-3.69,8.33,-0.28,-3.69,8.33,-0.28,-3.74,8.26,-0.53,-3.74,8.26,-0.53,
-4.31,9.46,0.69,-4.31,9.46,0.69,-4.23,8.78,-0.90,-4.23,8.78,-0.90,-4.16,8.86,-0.88,-4.16,8.86,-0.88,
-9.17,8.76,0.66,-9.17,8.76,0.66,-5.01,8.53,-1.10,-5.01,8.53,-1.10,-4.90,8.51,-0.93,-4.90,8.51,-0.93,
-10.86,8.19,-3.66,-10.86,8.19,-3.66,-5.24,9.09,0.40,-5.24,9.09,0.40,-5.22,9.16,0.17,-5.22,9.16,0.17,
-13.90,5.45,-4.15,-13.90,5.45,-4.15,-5.04,8.50,-1.44,-5.04,8.50,-1.44,-4.33,8.93,-1.37,-4.33,8.93,-1.37,
-7.31,-0.49,-3.61,-7.31,-0.49,-3.61,-7.13,9.25,-0.24,-7.13,9.25,-0.24,-7.13,9.41,0.02,-7.13,9.41,0.02,
-3.13,-4.10,-3.79,-3.13,-4.10,-3.79,-7.25,5.99,0.05,-7.25,5.99,0.05,-7.38,5.97,0.15,-7.38,5.97,0.15,
-1.16,-4.81,-3.35,-1.16,-4.81,-3.35,-8.30,3.75,-0.71,-8.30,3.75,-0.71,-8.43,3.68,-0.52,-8.43,3.68,-0.52,

-3.06,8.60,3.21,-3.06,8.60,3.21,-2.82,9.16,-0.95,-2.82,9.16,-0.95,-2.85,9.17,-1.03,-2.85,9.17,-1.03,
-3.15,8.53,3.20,-3.15,8.53,3.20,-2.62,9.21,-1.13,-2.62,9.21,-1.13,-2.59,9.23,-1.18,-2.59,9.23,-1.18,
-3.08,8.71,3.21,-3.08,8.71,3.21,-2.41,9.52,-0.99,-2.41,9.52,-0.99,-2.57,9.48,-0.93,-2.57,9.48,-0.93,
-3.18,8.55,3.14,-3.18,8.55,3.14,-2.45,9.15,-1.19,-2.45,9.15,-1.19,-2.41,9.13,-1.20,-2.41,9.13,-1.20,
-3.22,8.64,3.14,-3.22,8.64,3.14,-2.45,9.24,-1.19,-2.45,9.24,-1.19,-2.40,9.27,-1.11,-2.40,9.27,-1.11,
-4.39,8.51,2.19,-4.39,8.51,2.19,-2.40,9.00,-0.78,-2.40,9.00,-0.78,-2.45,9.00,-0.93,-2.45,9.00,-0.93,
-5.59,9.28,2.75,-5.59,9.28,2.75,-2.99,10.00,-0.35,-2.99,10.00,-0.35,-2.90,9.89,-0.25,-2.90,9.89,-0.25,
-3.26,10.10,2.42,-3.26,10.10,2.42,-2.16,10.68,-2.02,-2.16,10.68,-2.02,-2.05,10.51,-2.23,-2.05,10.51,-2.23,
-9.80,7.28,0.95,-9.80,7.28,0.95,-3.03,6.74,-0.56,-3.03,6.74,-0.56,-2.98,6.86,-0.56,-2.98,6.86,-0.56,
-19.60,7.24,-10.06,-19.60,7.24,-10.06,-7.96,8.71,-0.48,-7.96,8.71,-0.48,-8.39,9.25,-1.03,-8.39,9.25,-1.03,
-9.11,3.46,-4.38,-9.11,3.46,-4.38,-7.71,9.44,-7.35,-7.71,9.44,-7.35,-7.02,10.13,-7.15,-7.02,10.13,-7.15,
-6.16,-0.20,-1.99,-6.16,-0.20,-1.99,-3.88,7.28,-2.54,-3.88,7.28,-2.54,-4.11,7.12,-2.10,-4.11,7.12,-2.10,
-0.78,-3.22,-2.47,-0.78,-3.22,-2.47,-5.55,2.37,-1.70,-5.55,2.37,-1.70,-5.42,2.43,-1.75,-5.42,2.43,-1.75,
0.56,-6.26,-4.08,0.56,-6.26,-4.08,-7.98,1.40,-2.70,-7.98,1.40,-2.70,-8.06,1.33,-2.52,-8.06,1.33,-2.52,
0.21,-8.74,-5.48,0.21,-8.74,-5.48,-9.03,1.65,-3.24,-9.03,1.65,-3.24,-9.18,1.59,-3.33,-9.18,1.59,-3.33,
0.20,-8.98,-5.75,0.20,-8.98,-5.75,-9.24,2.59,-2.44,-9.24,2.59,-2.44,-9.30,2.67,-2.30,-9.30,2.67,-2.30,
-0.98,-8.39,-5.71,-0.98,-8.39,-5.71,-8.88,2.81,-2.47,-8.88,2.81,-2.47,-8.86,2.74,-2.45,-8.86,2.74,-2.45,

-3.18,9.15,1.64,-3.18,9.15,1.64,-3.55,8.93,-1.23,-3.55,8.93,-1.23,-3.52,8.93,-1.24,-3.52,8.93,-1.24,
-3.43,9.17,1.70,-3.43,9.17,1.70,-3.69,8.93,-1.06,-3.69,8.93,-1.06,-3.67,8.93,-1.12,-3.67,8.93,-1.12,
-3.96,8.43,-0.38,-3.96,8.43,-0.38,-4.22,8.54,-0.26,-4.22,8.54,-0.26,-4.38,8.52,-0.10,-4.38,8.52,-0.10,
-8.95,8.86,-4.91,-8.95,8.86,-4.91,-5.57,9.15,-0.00,-5.57,9.15,-0.00,-5.65,8.93,0.13,-5.65,8.93,0.13,
-11.33,8.49,-3.72,-11.33,8.49,-3.72,-5.07,8.94,-1.29,-5.07,8.94,-1.29,-4.93,9.00,-1.21,-4.93,9.00,-1.21,
-11.91,4.73,-3.58,-11.91,4.73,-3.58,-6.12,8.02,-0.51,-6.12,8.02,-0.51,-6.23,7.99,-0.61,-6.23,7.99,-0.61,
-11.11,2.32,-2.85,-11.11,2.32,-2.85,-7.05,6.99,-1.02,-7.05,6.99,-1.02,-7.25,6.91,-1.09,-7.25,6.91,-1.09,
-5.91,-1.59,-3.18,-5.91,-1.59,-3.18,-8.11,6.41,-2.19,-8.11,6.41,-2.19,-8.04,6.35,-2.10,-8.04,6.35,-2.10,
-3.05,-4.84,-3.69,-3.05,-4.84,-3.69,-8.14,4.75,-2.64,-8.14,4.75,-2.64,-8.30,4.79,-2.56,-8.30,4.79,-2.56,
-2.23,-7.05,-2.91,-2.23,-7.05,-2.91,-7.34,3.89,-1.40,-7.34,3.89,-1.40,-7.29,3.81,-1.24,-7.29,3.81,-1.24,
0.97,-7.40,-4.40,0.97,-7.40,-4.40,-8.52,1.80,-1.41,-8.52,1.80,-1.41,-8.44,1.87,-1.44,-8.44,1.87,-1.44,
0.04,-9.33,-4.32,0.04,-9.33,-4.32,-8.53,2.88,-1.14,-8.53,2.88,-1.14,-8.64,2.56,-1.19,-8.64,2.56,-1.19,
-1.33,-9.22,-5.21,-1.33,-9.22,-5.21,-10.02,2.41,-0.49,-10.02,2.41,-0.49,-9.97,2.29,-0.51,-9.97,2.29,-0.51,
-1.58,-8.96,-4.99,-1.58,-8.96,-4.99,-9.34,2.41,-0.53,-9.34,2.41,-0.53,-9.42,2.43,-0.51,-9.42,2.43,-0.51,
-1.13,-8.26,-4.80,-1.13,-8.26,-4.80,-9.38,2.24,-1.31,-9.38,2.24,-1.31,-9.40,2.17,-1.28,-9.40,2.17,-1.28,

-2.40,9.06,2.68,-2.40,9.06,2.68,-1.77,9.49,-1.94,-1.77,9.49,-1.94,-1.81,9.48,-1.97,-1.81,9.48,-1.97,
-2.68,8.97,2.53,-2.68,8.97,2.53,-1.78,9.41,-2.06,-1.78,9.41,-2.06,-1.72,9.42,-2.09,-1.72,9.42,-2.09,
-2.54,8.93,2.44,-2.54,8.93,2.44,-1.61,9.39,-2.23,-1.61,9.39,-2.23,-1.61,9.43,-2.15,-1.61,9.43,-2.15,
-3.17,8.91,2.03,-3.17,8.91,2.03,-1.42,9.40,-2.28,-1.42,9.40,-2.28,-1.47,9.27,-2.34,-1.47,9.27,-2.34,
-7.09,9.73,3.27,-7.09,9.73,3.27,-1.95,9.32,-1.64,-1.95,9.32,-1.64,-1.89,9.23,-1.57,-1.89,9.23,-1.57,
-15.90,10.13,-0.01,-15.90,10.13,-0.01,-4.46,11.92,-0.13,-4.46,11.92,-0.13,-4.43,12.07,0.22,-4.43,12.07,0.22,
-14.46,7.23,-4.58,-14.46,7.23,-4.58,-5.15,9.32,-0.72,-5.15,9.32,-0.72,-4.83,9.11,-1.02,-4.83,9.11,-1.02,
-8.70,3.18,-4.27,-8.70,3.18,-4.27,-7.32,4.80,-3.42,-7.32,4.80,-3.42,-7.62,4.98,-3.57,-7.62,4.98,-3.57,
-6.05,-0.81,-3.14,-6.05,-0.81,-3.14,-6.24,5.03,-1.22,-6.24,5.03,-1.22,-6.43,5.02,-1.71,-6.43,5.02,-1.71,
-1.03,-4.12,-2.94,-1.03,-4.12,-2.94,-8.28,2.77,-1.51,-8.28,2.77,-1.51,-8.21,2.69,-1.42,-8.21,2.69,-1.42,
1.84,-7.48,-3.17,1.84,-7.48,-3.17,-9.04,1.63,-0.26,-9.04,1.63,-0.26,-9.17,1.48,-0.24,-9.17,1.48,-0.24,
1.40,-8.34,-2.89,1.40,-8.34,-2.89,-9.19,1.35,2.15,-9.19,1.35,2.15,-8.99,1.37,2.17,-8.99,1.37,2.17,
-1.23,-8.93,-4.37,-1.23,-8.93,-4.37,-8.89,2.09,0.70,-8.89,2.09,0.70,-8.94,2.14,0.67,-8.94,2.14,0.67,
-1.42,-9.16,-5.12,-1.42,-9.16,-5.12,-9.77,2.13,0.24,-9.77,2.13,0.24,-9.77,2.09,0.16,-9.77,2.09,0.16,
-1.06,-8.74,-4.64,-1.06,-8.74,-4.64,-9.50,2.36,0.10,-9.50,2.36,0.10,-9.51,2.33,0.19,-9.51,2.33,0.19,

-3.45,8.86,2.16,-3.45,8.86,2.16,-3.23,9.08,-1.23,-3.23,9.08,-1.23,-3.26,9.05,-1.26,-3.26,9.05,-1.26,
-3.38,8.75,2.59,-3.38,8.75,2.59,-3.07,9.15,-1.19,-3.07,9.15,-1.19,-3.01,9.15,-1.11,-3.01,9.15,-1.11,
-3.40,8.96,2.49,-3.40,8.96,2.49,-3.11,9.21,-1.31,-3.11,9.21,-1.31,-3.11,9.14,-1.27,-3.11,9.14,-1.27,
-4.11,9.02,1.93,-4.11,9.02,1.93,-3.70,9.06,-0.90,-3.70,9.06,-0.90,-3.67,8.94,-0.93,-3.67,8.94,-0.93,
-4.71,8.05,1.18,-4.71,8.05,1.18,-2.95,8.93,-0.32,-2.95,8.93,-0.32,-2.93,8.87,-0.14,-2.93,8.87,-0.14,
-11.27,10.77,0.47,-11.27,10.77,0.47,-2.34,9.91,-1.02,-2.34,9.91,-1.02,-2.26,9.86,-1.45,-2.26,9.86,-1.45,
-14.28,8.87,-4.37,-14.28,8.87,-4.37,-5.29,9.74,0.88,-5.29,9.74,0.88,-5.68,9.25,0.06,-5.68,9.25,0.06,
-13.39,4.44,-4.06,-13.39,4.44,-4.06,-7.42,13.05,-0.67,-7.42,13.05,-0.67,-7.79,13.30,-1.77,-7.79,13.30,-1.77,
-8.36,1.24,-2.88,-8.36,1.24,-2.88,-5.79,8.57,-3.38,-5.79,8.57,-3.38,-5.49,8.02,-2.82,-5.49,8.02,-2.82,
-3.63,-2.50,-2.87,-3.63,-2.50,-2.87,-6.15,4.66,-1.89,-6.15,4.66,-1.89,-6.53,4.83,-1.92,-6.53,4.83,-1.92,
-0.30,-4.68,-3.12,-0.30,-4.68,-3.12,-6.89,3.59,-2.12,-6.89,3.59,-2.12,-6.94,3.54,-2.18,-6.94,3.54,-2.18,
0.16,-7.92,-4.39,0.16,-7.92,-4.39,-8.23,2.91,-1.88,-8.23,2.91,-1.88,-8.34,2.89,-1.70,-8.34,2.89,-1.70,
-0.77,-8.18,-5.12,-0.77,-8.18,-5.12,-9.14,3.51,-1.06,-9.14,3.51,-1.06,-9.06,3.40,-0.91,-9.06,3.40,-0.91,
-1.95,-9.00,-5.16,-1.95,-9.00,-5.16,-8.43,4.11,-1.09,-8.43,4.11,-1.09,-8.46,4.09,-1.17,-8.46,4.09,-1.17,
-0.94,-8.86,-5.67,-0.94,-8.86,-5.67,-9.80,3.62,-1.51,-9.80,3.62,-1.51,-9.79,3.56,-1.65,-9.79,3.56,-1.65,
-1.41,-8.14,-5.05,-1.41,-8.14,-5.05,-8.51,3.87,-1.04,-8.51,3.87,-1.04,-8.58,3.85,-0.97,-8.58,3.85,-0.97,

-2.88,8.79,2.89,-2.88,8.79,2.89,-2.41,9.15,-1.78,-2.41,9.15,-1.78,-2.34,9.13,-1.60,-2.34,9.13,-1.60,
-3.05,9.02,2.94,-3.05,9.02,2.94,-2.35,9.38,-2.42,-2.35,9.38,-2.42,-2.33,9.32,-2.37,-2.33,9.32,-2.37,
-2.74,9.45,2.60,-2.74,9.45,2.60,-2.70,9.21,-3.03,-2.70,9.21,-3.03,-2.68,9.25,-2.94,-2.68,9.25,-2.94,
-2.63,9.42,2.80,-2.63,9.42,2.80,-2.44,8.67,-3.21,-2.44,8.67,-3.21,-2.35,8.76,-3.08,-2.35,8.76,-3.08,
-3.55,8.69,1.70,-3.55,8.69,1.70,-1.63,8.92,-2.92,-1.63,8.92,-2.92,-1.62,8.96,-2.83,-1.62,8.96,-2.83,
-6.55,9.66,2.63,-6.55,9.66,2.63,-2.77,8.82,-1.95,-2.77,8.82,-1.95,-2.80,8.78,-1.97,-2.80,8.78,-1.97,
-13.08,7.90,-6.53,-13.08,7.90,-6.53,-2.01,9.66,0.16,-2.01,9.66,0.16,-1.92,9.66,0.25,-1.92,9.66,0.25,
-13.07,5.58,-3.55,-13.07,5.58,-3.55,-6.34,11.54,0.58,-6.34,11.54,0.58,-6.29,10.63,0.47,-6.29,10.63,0.47,
-10.22,-0.45,-4.13,-10.22,-0.45,-4.13,-8.49,8.30,-0.87,-8.49,8.30,-0.87,-8.31,8.48,-0.85,-8.31,8.48,-0.85,
-5.68,-0.84,-0.03,-5.68,-0.84,-0.03,-4.77,6.47,-3.18,-4.77,6.47,-3.18,-5.52,5.83,-3.09,-5.52,5.83,-3.09,
2.10,-5.15,-1.92,2.10,-5.15,-1.92,-9.13,2.70,-0.18,-9.13,2.70,-0.18,-9.42,2.73,-0.29,-9.42,2.73,-0.29,
3.31,-7.53,-1.73,3.31,-7.53,-1.73,-8.11,0.28,0.86,-8.11,0.28,0.86,-8.11,0.39,0.69,-8.11,0.39,0.69,
-1.16,-8.45,-4.11,-1.16,-8.45,-4.11,-8.92,1.35,-0.30,-8.92,1.35,-0.30,-8.79,1.35,-0.37,-8.79,1.35,-0.37,
-0.69,-9.07,-4.58,-0.69,-9.07,-4.58,-9.95,1.65,-1.07,-9.95,1.65,-1.07,-9.83,1.60,-1.00,-9.83,1.60,-1.00,
-1.36,-9.23,-4.55,-1.36,-9.23,-4.55,-9.73,2.46,-1.25,-9.73,2.46,-1.25,-9.75,2.45,-1.16,-9.75,2.45,-1.16,

-3.49,8.76,2.55,-3.49,8.76,2.55,-3.05,9.11,-1.30,-3.05,9.11,-1.30,-3.08,9.14,-1.35,-3.08,9.14,-1.35,
-3.43,8.88,2.52,-3.43,8.88,2.52,-3.08,9.09,-1.36,-3.08,9.09,-1.36,-3.14,9.13,-1.30,-3.14,9.13,-1.30,
-3.51,8.91,2.29,-3.51,8.91,2.29,-3.21,9.20,-1.27,-3.21,9.20,-1.27,-3.18,9.20,-1.28,-3.18,9.20,-1.28,
-5.02,8.38,1.58,-5.02,8.38,1.58,-3.48,8.97,-0.25,-3.48,8.97,-0.25,-3.48,8.96,-0.25,-3.48,8.96,-0.25,
-12.14,8.37,-3.31,-12.14,8.37,-3.31,-3.46,10.37,1.27,-3.46,10.37,1.27,-3.51,10.23,1.37,-3.51,10.23,1.37,
-10.60,8.36,-2.46,-10.60,8.36,-2.46,-4.48,9.28,1.20,-4.48,9.28,1.20,-4.77,9.32,1.12,-4.77,9.32,1.12,
-13.14,6.46,-3.27,-13.14,6.46,-3.27,-7.85,8.98,-0.59,-7.85,8.98,-0.59,-7.78,9.39,-0.82,-7.78,9.39,-0.82,
-7.78,1.21,-2.97,-7.78,1.21,-2.97,-9.04,9.35,-0.80,-9.04,9.35,-0.80,-8.88,9.15,-0.95,-8.88,9.15,-0.95,
-6.20,-1.10,-3.00,-6.20,-1.10,-3.00,-5.89,5.72,-1.25,-5.89,5.72,-1.25,-5.92,5.62,-1.23,-5.92,5.62,-1.23,
-2.23,-4.44,-4.16,-2.23,-4.44,-4.16,-8.00,4.38,-2.12,-8.00,4.38,-2.12,-7.84,4.19,-2.13,-7.84,4.19,-2.13,
0.19,-6.55,-4.31,0.19,-6.55,-4.31,-7.98,1.94,-3.40,-7.98,1.94,-3.40,-8.20,1.82,-3.47,-8.20,1.82,-3.47,
1.10,-8.33,-4.34,1.10,-8.33,-4.34,-7.87,0.04,-4.20,-7.87,0.04,-4.20,-7.92,0.07,-4.24,-7.92,0.07,-4.24,
0.43,-8.51,-3.94,0.43,-8.51,-3.94,-8.54,0.30,-4.38,-8.54,0.30,-4.38,-8.61,0.30,-4.36,-8.61,0.30,-4.36,

-2.42,8.83,3.14,-2.42,8.83,3.14,-2.40,9.34,-1.49,-2.40,9.34,-1.49,-2.36,9.35,-1.36,-2.36,9.35,-1.36,
-2.12,8.98,3.02,-2.12,8.98,3.02,-2.14,9.07,-2.18,-2.14,9.07,-2.18,-2.13,9.08,-2.32,-2.13,9.08,-2.32,
-2.23,9.26,2.85,-2.23,9.26,2.85,-2.44,9.33,-2.56,-2.44,9.33,-2.56,-2.45,9.34,-2.59,-2.45,9.34,-2.59,
-3.21,9.20,0.88,-3.21,9.20,0.88,-2.47,8.98,-2.02,-2.47,8.98,-2.02,-2.54,8.94,-2.07,-2.54,8.94,-2.07,
-7.09,9.53,0.05,-7.09,9.53,0.05,-3.69,9.59,-0.79,-3.69,9.59,-0.79,-3.71,9.73,-0.89,-3.71,9.73,-0.89,
-13.57,8.52,-3.37,-13.57,8.52,-3.37,-4.26,10.55,-0.97,-4.26,10.55,-0.97,-4.63,10.56,-0.97,-4.63,10.56,-0.97,
-13.67,8.06,-1.92,-13.67,8.06,-1.92,-5.61,8.97,0.02,-5.61,8.97,0.02,-5.65,8.96,-0.10,-5.65,8.96,-0.10,
-9.68,3.36,-2.06,-9.68,3.36,-2.06,-8.13,6.89,-1.31,-8.13,6.89,-1.31,-8.32,6.47,-1.40,-8.32,6.47,-1.40,
-8.01,0.66,-2.55,-8.01,0.66,-2.55,-4.93,4.11,-3.50,-4.93,4.11,-3.50,-4.83,3.85,-3.49,-4.83,3.85,-3.49,
1.51,-5.82,-2.96,1.51,-5.82,-2.96,-8.19,0.70,-4.55,-8.19,0.70,-4.55,-8.05,1.02,-4.31,-8.05,1.02,-4.31,
2.75,-9.11,-3.97,2.75,-9.11,-3.97,-6.86,-2.50,-2.71,-6.86,-2.50,-2.71,-6.92,-2.49,-2.27,-6.92,-2.49,-2.27,
-0.38,-7.75,-4.45,-0.38,-7.75,-4.45,-7.79,-2.41,-2.51,-7.79,-2.41,-2.51,-7.90,-2.30,-2.62,-7.90,-2.30,-2.62,
-2.11,-8.65,-4.80,-2.11,-8.65,-4.80,-8.41,-0.78,-3.95,-8.41,-0.78,-3.95,-8.46,-0.81,-3.83,-8.46,-0.81,-3.83,
-1.93,-8.60,-4.86,-1.93,-8.60,-4.86,-8.38,-1.14,-4.85,-8.38,-1.14,-4.85,-8.42,-1.28,-4.82,-8.42,-1.28,-4.82,
-0.98,-9.31,-4.36,-0.98,-9.31,-4.36,-8.66,-1.08,-4.29,-8.66,-1.08,-4.29,-8.69,-1.10,-4.20,-8.69,-1.10,-4.20,
-0.67,-8.54,-4.29,-0.67,-8.54,-4.29,-8.06,-1.30,-4.84,-8.06,-1.30,-4.84,-8.08,-1.22,-4.73,-8.08,-1.22,-4.73,
