-9.86,-0.21,1.61,1.51,-4.69,2.34,
-9.64,-0.24,1.63,1.34,-2.90,0.60,
-9.84,-0.27,1.61,-0.67,0.75,-0.15,
-9.86,-0.19,1.46,-0.69,0.54,1.80,
-9.83,-0.18,1.55,-1.87,-2.96,1.84,
-9.83,-0.30,1.52,-0.30,3.04,2.12,
-9.71,-0.33,1.57,-0.60,3.25,2.55,
-9.87,-0.35,1.53,-1.15,-11.36,0.54,
-9.76,-0.37,1.51,-0.56,-2.71,-0.24,
-9.90,-0.30,1.39,-1.06,-1.21,-1.55,
-10.10,-0.26,1.29,-0.32,-4.33,0.14,
-9.92,-0.28,1.35,0.37,-2.50,1.11,
-9.91,-0.31,1.22,-0.06,-3.39,1.55,
-9.83,-0.35,1.24,-1.85,-0.82,0.89,
-9.84,-0.37,1.31,-1.60,-1.72,1.22,
-9.88,-0.38,1.31,-1.01,-3.33,0.78,
-9.77,-0.41,1.24,0.03,-0.52,0.71,
-9.88,-0.43,1.09,-2.23,-1.81,-0.49,
-9.93,-0.39,0.98,0.36,-3.38,-0.54,
-9.88,-0.38,1.09,0.12,-0.62,-0.55,
-9.98,-0.37,0.97,-0.88,0.25,0.17,
-10.00,-0.32,0.98,-0.64,-1.86,1.00,
-9.95,-0.36,1.22,0.46,0.74,1.80,
-9.96,-0.39,0.95,1.44,-2.35,2.09,
-9.79,-0.45,0.89,0.81,-0.18,2.69,
-9.88,-0.46,0.73,1.33,0.80,2.04,
-9.90,-0.58,0.66,0.82,-2.57,0.42,
-9.96,-0.52,0.78,-0.67,-2.60,-0.05,
-9.98,-0.54,0.78,-0.25,-4.25,-1.76,
-9.85,-0.48,0.87,-0.61,-3.58,-2.97,
-10.19,-0.40,0.73,-1.59,-1.33,-2.13,
-10.03,-0.34,0.85,-0.56,-8.72,1.27,
-9.83,-0.51,1.04,-0.17,-8.26,0.11,
-9.81,-0.37,1.03,-0.03,0.50,1.83,
-9.91,-0.45,0.90,0.78,2.11,1.86,
-9.91,-0.50,0.90,0.46,3.53,2.84,
-9.99,-0.54,0.82,-0.46,1.64,2.48,
-10.01,-0.54,0.83,-0.28,-4.89,4.12,
-9.75,-0.57,0.86,-0.87,2.39,4.36,
-9.86,-0.72,0.79,-1.46,0.86,1.55,
-9.88,-0.67,0.89,-0.25,-3.79,0.03,
-10.12,-0.66,0.86,-1.24,-6.13,0.17,
-10.03,-0.68,0.78,0.54,-9.92,1.57,
-9.94,-0.68,0.66,0.41,-7.74,2.07,
-9.84,-0.73,0.68,0.16,-6.04,-0.45,
-9.95,-0.70,0.81,-0.97,-1.34,-0.86,
-9.85,-0.68,0.73,0.01,0.61,0.53,
-9.90,-0.76,0.72,0.07,1.99,0.83,
-9.94,-0.70,0.87,-0.25,1.98,0.94,
-9.96,-0.64,0.64,0.40,-1.23,1.47,
-9.99,-0.71,0.62,0.01,-7.23,1.28,
-9.89,-0.77,0.60,-0.46,-2.44,1.50,
-9.87,-0.79,0.59,1.86,-1.82,1.29,
-9.96,-0.77,0.52,0.41,0.07,0.86,
-10.09,-0.81,0.53,1.01,-5.94,0.79,
-9.93,-0.84,0.43,1.95,-2.30,1.61,
-9.88,-0.84,0.56,-0.72,0.85,1.32,
-10.01,-0.78,0.52,-1.04,-0.90,0.22,
-10.05,-0.86,0.50,0.58,-2.44,1.19,
-9.90,-0.93,0.28,0.51,0.64,2.50,
-9.85,-1.06,0.27,0.50,4.05,2.47,
-9.81,-0.99,0.54,-2.17,1.64,-0.18,
-9.95,-0.91,0.54,-3.41,0.89,-2.26,
-10.02,-0.83,0.60,-0.49,2.09,-1.04,
-10.07,-0.87,0.43,0.34,-1.97,0.56,
-10.11,-0.84,0.45,-1.25,-2.45,1.09,
-9.80,-0.91,0.46,0.53,0.25,1.67,
-9.69,-0.96,0.30,0.15,4.05,-1.17,
-9.98,-0.94,0.43,0.57,-0.25,-1.64,
-9.97,-0.85,0.31,0.47,-1.34,0.52,
-9.98,-0.82,0.50,-0.71,-3.82,-0.73,
-10.11,-0.90,0.43,-0.10,-4.31,0.02,
-9.99,-0.84,0.41,0.39,-4.51,1.91,
-9.82,-0.87,0.58,0.87,-1.94,0.56,
-10.03,-0.87,0.41,0.27,-1.97,0.09,
-9.93,-0.91,0.35,-0.27,-0.69,0.72,
-9.80,-0.86,0.39,-0.03,5.75,1.19,
-9.88,-0.93,0.52,0.38,6.15,0.02,
-9.52,-1.01,0.83,0.94,0.26,-2.91,
-10.24,-0.84,0.61,-0.84,-0.48,-2.48,
-10.07,-0.82,0.70,0.49,-0.89,2.39,
-9.99,-0.90,0.50,-0.52,-2.43,1.61,
-9.87,-0.87,0.39,0.32,-3.69,0.25,
-9.77,-0.86,0.31,0.74,3.02,0.02,
-9.93,-0.88,0.43,-0.37,2.34,-1.17,
-9.53,-0.82,0.65,0.93,3.59,-2.90,
-10.00,-0.88,0.43,0.18,-0.04,-5.42,
-10.44,-0.64,0.48,-1.74,-3.27,-0.69,
-10.33,-0.64,0.61,-1.38,-6.05,3.58,
-10.00,-0.78,0.53,-0.46,-9.78,2.77,
-9.94,-0.83,0.66,2.20,2.37,3.53,
-9.89,-0.83,0.40,2.70,2.70,3.85,
-9.78,-0.88,0.33,0.37,7.11,1.25,
-9.53,-0.92,0.51,1.34,17.19,-1.50,
-9.99,-0.82,0.66,0.46,11.84,-4.25,
-10.14,-0.78,0.57,-1.38,10.55,-1.16,
-10.26,-0.67,0.37,-1.66,0.58,0.60,
-9.85,-0.69,0.48,1.95,-3.81,0.95,
-9.99,-0.78,0.59,-0.24,4.61,1.71,
-9.92,-0.78,0.55,0.51,4.23,2.13,
-9.80,-0.87,0.35,1.26,-0.76,0.92,
-9.94,-0.83,0.39,0.61,-0.52,-0.50,
-9.94,-0.78,0.35,-0.25,-0.62,-1.02,
-9.89,-0.74,0.45,-0.24,1.64,-1.51,
-9.94,-0.75,0.34,-1.13,1.80,-1.46,
-10.24,-0.69,0.27,-4.00,-8.13,-1.78,
-10.10,-0.67,0.44,-3.56,-4.70,0.16,
-10.06,-0.68,0.24,-4.77,-3.01,1.62,
-10.05,-0.77,0.40,-5.06,-6.19,0.62,
-9.96,-0.73,0.58,-3.46,-2.90,1.24,
-9.97,-0.74,0.52,-1.03,-1.37,0.75,
-10.00,-0.72,0.53,-0.42,-1.81,0.78,
-9.98,-0.76,0.35,-1.17,-4.06,0.33,
-9.93,-0.77,0.49,-1.45,-1.75,-0.25,
-9.80,-0.80,0.44,-0.04,-0.91,0.04,
-9.88,-0.75,0.29,-0.46,-2.45,-0.39,
-9.67,-0.76,0.45,0.88,3.73,-1.38,
-9.80,-0.68,0.44,-0.22,8.07,-1.56,
-9.99,-0.61,0.45,-1.21,5.28,-1.35,
-10.08,-0.63,0.60,-0.38,-2.07,0.16,
-9.87,-0.64,0.49,-0.54,2.12,1.17,
-9.92,-0.58,0.20,-1.55,-0.01,0.07,
-10.09,-0.63,0.24,-0.46,-7.67,-0.69,
-9.85,-0.61,0.44,-1.51,0.07,-0.15,
-10.01,-0.59,0.67,-1.92,7.28,0.91,
-9.98,-0.60,0.75,-0.69,4.43,0.43,
-10.07,-0.60,0.65,-1.38,3.31,1.52,
-9.94,-0.59,0.59,-0.44,1.04,0.83,
-9.85,-0.69,0.61,1.66,2.20,-1.17,
-9.79,-0.57,0.51,0.68,6.93,-0.75,
-10.07,-0.49,0.70,-0.13,4.59,-0.52,
-9.98,-0.55,0.68,2.63,2.26,0.91,
-9.80,-0.55,0.51,6.22,-1.26,-0.25,
-10.22,-0.49,0.21,4.73,-6.53,-0.33,
-10.12,-0.51,-0.00,0.66,-5.32,0.97,
-9.77,-0.60,0.19,-2.15,-3.61,-2.07,
-9.79,-0.39,0.20,-3.82,-1.23,-5.31,
-10.06,-0.34,0.38,-3.13,1.17,-7.81,
-9.77,-0.20,0.40,-1.41,0.79,-8.55,
-10.11,0.05,0.32,-4.46,-9.96,-16.92,
-10.85,0.36,0.59,-3.09,-9.12,-8.72,
-10.15,0.44,0.47,0.92,13.11,5.68,
-9.78,0.07,0.28,0.08,0.97,3.31,
-9.53,0.13,0.43,-0.26,-3.06,-3.88,
-9.84,0.41,0.36,0.83,-2.14,-8.67,
-10.13,0.47,0.48,1.08,-5.56,-9.64,
-10.55,0.49,0.33,-0.22,4.87,-3.75,
-9.86,0.86,0.35,0.28,-6.13,1.78,
-9.52,0.64,0.78,1.65,-10.32,-3.89,
-10.28,0.79,0.43,-0.09,-11.47,-3.93,
-10.24,0.84,0.59,-1.24,-1.95,0.75,
-9.86,0.73,0.64,-0.79,-1.78,2.84,
-9.54,0.63,0.84,1.37,-0.96,-0.66,
-9.83,0.68,0.66,-0.74,5.51,-3.56,
-10.31,0.84,0.62,0.88,-2.53,-0.48,
-10.09,0.85,0.59,1.63,-1.33,4.24,
-10.13,0.81,0.69,-0.10,9.26,9.59,
-9.67,0.56,0.39,-0.53,7.44,11.52,
-9.68,0.30,0.54,0.33,-5.28,5.40,
-9.68,0.20,0.45,0.11,2.98,1.27,
-9.99,0.24,0.52,-0.15,0.48,0.13,
-10.21,0.34,0.38,1.24,-4.07,1.55,
-10.32,0.31,0.10,-2.36,-11.30,3.94,
-10.09,0.22,0.34,-2.15,-3.08,6.80,
-9.66,-0.02,0.57,0.30,4.30,7.55,
-9.57,-0.07,0.42,0.74,10.94,2.84,
-9.96,-0.10,0.16,1.16,2.22,-0.34,
-9.81,-0.12,0.32,-0.10,7.73,-0.20,
-9.65,-0.03,0.50,-0.18,8.91,-2.50,
-9.62,0.07,0.38,-1.01,5.49,-7.45,
-10.18,0.24,0.32,-2.69,0.03,-6.66,
-10.56,0.39,0.14,-0.88,-14.42,-3.84,
-9.93,0.44,0.31,-0.46,-9.17,-1.81,
-10.11,0.35,0.35,-0.83,-0.67,-0.78,
-10.03,0.35,0.55,-0.08,-4.91,0.08,
-9.99,0.34,0.88,0.52,-13.69,1.51,
-10.81,0.40,0.70,1.15,-2.71,12.76,
-9.78,-0.14,0.48,3.93,-1.86,19.32,
-9.28,-0.35,0.59,1.72,5.37,10.91,
-9.56,-0.43,0.47,-0.82,4.15,2.00,
-9.95,-0.46,0.46,-0.61,2.37,-1.39,
-10.24,-0.39,0.56,-1.58,0.25,0.47,
-9.88,-0.43,0.52,0.20,-2.70,2.61,
-9.96,-0.43,0.27,-3.40,-7.19,0.37,
-10.00,-0.51,0.51,-6.95,-0.38,-0.83,
-9.93,-0.35,0.58,-10.41,-1.54,-0.16,
-9.86,-0.32,0.86,-5.82,-2.03,-0.75,
-9.93,-0.45,0.71,-2.57,1.09,-0.42,
-9.95,-0.42,0.73,-1.36,-0.95,0.46,
-9.98,-0.42,0.51,-0.81,-2.14,0.13,
-9.78,-0.36,0.64,-2.34,3.69,-1.13,
-9.95,-0.28,0.69,-3.28,1.36,-1.69,
-10.00,-0.24,0.43,-1.13,0.51,-0.76,
-9.99,-0.40,0.06,-0.96,0.99,2.38,
-9.58,-0.27,0.59,-7.68,13.49,-2.39,
-10.03,-0.15,0.59,-6.26,8.58,-3.63,
-10.06,-0.12,0.73,-3.72,6.34,-0.11,
-9.92,-0.20,0.77,-2.17,3.78,0.24,
-9.77,-0.15,0.75,-0.30,1.49,-0.07,
-9.91,-0.04,0.87,-1.10,-2.62,-2.00,
-10.11,-0.16,0.65,-1.16,-8.63,-0.75,
-9.88,-0.05,0.77,2.54,-4.16,0.09,
-9.77,-0.09,0.69,3.99,-1.94,-1.81,
-9.99,-0.11,0.43,5.83,-11.96,-2.99,
-10.43,-0.14,-0.11,4.40,-26.72,-0.33,
-9.72,0.13,0.42,3.58,-5.62,-3.50,
-9.85,0.13,0.17,5.92,1.55,-2.59,
-10.21,0.20,-0.41,5.21,-1.37,0.66,
-10.08,0.21,-0.44,4.00,-10.86,0.89,
-9.89,0.16,-0.51,4.15,-11.53,-1.50,
-10.16,0.29,-1.16,1.59,-17.87,0.49,
-9.88,0.21,-1.01,1.66,-6.49,0.86,
-9.86,0.16,-0.82,0.42,8.44,0.18,
-10.84,0.28,-1.81,-6.70,68.68,0.54,
-10.54,0.06,1.14,-1.63,-54.13,-7.22,
-10.00,0.33,1.22,4.06,7.66,-0.08,
-9.79,0.21,1.13,1.47,44.31,5.88,
-9.96,0.12,1.26,6.05,11.36,2.93,
-9.85,-0.11,1.83,8.25,37.15,7.95,
-10.00,-0.23,2.62,0.63,24.12,5.48,
-9.09,-0.29,3.44,-2.53,14.60,-0.81,
-9.06,-0.18,3.51,-11.86,37.25,1.21,
-8.70,0.07,3.76,-7.73,37.56,-1.28,
-8.81,0.21,3.90,-10.24,10.53,-10.43,
-8.87,0.45,4.75,-5.00,-6.26,-5.72,
-9.08,0.54,4.38,-0.41,-9.53,0.60,
-8.54,0.40,4.62,1.23,6.74,3.33,
-8.65,0.58,4.52,-3.01,2.52,-1.50,
-9.01,0.52,4.48,-1.86,-0.36,-0.13,
-8.32,0.34,5.17,5.33,10.06,2.79,
-8.65,0.31,4.58,-0.07,9.02,1.09,
-8.77,0.38,4.75,-0.45,-0.54,-1.40,
-8.92,0.46,4.59,0.81,0.73,-1.08,
-8.89,0.41,4.32,0.16,0.47,1.03,
-8.94,0.43,4.19,2.31,6.10,1.31,
-8.83,0.38,4.51,0.08,-2.28,-0.02,
-8.93,0.35,4.59,-0.77,-0.60,0.18,
-9.04,0.42,4.35,-1.82,-4.10,0.56,
-8.88,0.42,4.74,-1.18,-3.01,1.11,
-8.69,0.36,4.76,1.05,1.25,2.43,
-8.93,0.31,4.45,-1.21,5.85,2.12,
-8.62,0.39,4.67,0.98,7.17,-0.12,
-8.87,0.39,4.56,1.39,5.36,0.47,
-8.77,0.37,4.56,-0.17,7.55,0.84,
-8.74,0.39,4.35,-1.58,0.98,0.16,
-8.80,0.49,4.57,-2.21,4.93,-0.14,
-8.49,0.47,4.49,2.06,5.19,0.08,
-8.83,0.44,4.67,5.15,7.43,2.62,
-8.65,0.39,4.23,7.84,8.53,5.20,
-8.84,0.03,4.48,10.32,1.43,8.33,
-8.18,-0.21,5.05,6.60,19.53,5.71,
-9.07,-0.31,4.97,3.46,3.23,6.73,
-8.79,-0.20,4.63,-2.20,-2.48,4.01,
-8.35,-0.28,4.92,-6.49,-3.31,1.04,
-8.80,-0.23,5.28,-3.68,-2.21,-1.62,
-8.68,-0.03,4.89,-3.33,-13.18,-2.27,
-8.61,0.01,4.82,-1.01,1.03,0.96,
-8.71,-0.08,4.88,0.54,8.16,2.92,
-8.42,-0.08,5.13,-0.06,-3.56,0.94,
-8.66,-0.02,4.70,-1.55,-8.64,-0.19,
-8.53,-0.01,4.88,-1.55,-6.10,-1.07,
-8.71,0.02,4.90,-3.16,-3.18,-1.54,
-8.74,-0.00,5.04,0.79,-6.82,-0.24,
-8.64,0.05,4.74,-0.19,-9.69,-0.81,
-9.42,0.13,3.77,1.32,-52.65,-3.30,
-9.32,0.33,3.26,12.96,-98.12,-0.66,
-9.96,-0.04,2.17,10.60,-72.86,-5.18,
-10.22,0.38,0.80,2.22,-30.06,-2.81,
-10.31,0.38,0.58,8.51,-60.19,-3.66,
-9.97,0.23,0.82,-0.25,6.25,-0.46,
-10.22,0.41,0.48,1.03,-9.27,0.16,
-9.49,0.34,1.15,3.44,2.42,0.59,
-9.95,0.15,1.27,-1.19,11.03,1.40,
-10.12,0.23,0.83,-1.56,8.13,1.88,
-9.60,0.33,1.05,1.29,12.28,2.58,
-10.06,0.13,1.34,1.39,26.35,11.48,
-9.66,-0.09,1.93,-5.70,11.04,1.11,
-9.96,-0.24,2.08,-9.55,17.40,2.53,
-9.46,0.16,2.23,-6.90,1.13,-0.11,
-10.14,0.19,2.62,-5.52,-12.07,-2.00,
-9.76,0.10,2.56,-0.54,-5.77,2.47,
-9.93,0.07,2.26,-2.58,-5.79,2.21,
-9.46,0.10,2.31,-3.04,1.81,-0.39,
-9.35,0.13,2.49,-5.43,17.51,-0.59,
-9.94,0.39,2.08,-16.08,-12.84,-8.53,
-10.05,0.45,2.62,-1.03,-8.14,3.39,
-9.35,0.28,2.50,-3.80,5.67,4.58,
-9.53,0.24,2.57,-3.88,3.46,0.58,
-9.42,0.25,2.96,-3.07,10.04,1.47,
-9.56,0.24,2.88,-4.66,3.43,1.68,
-9.52,0.24,2.88,-2.13,1.81,1.22,
-9.41,0.30,3.01,-1.22,-5.60,-1.27,
-9.69,0.30,2.90,-0.70,-2.88,-0.51,
-9.62,0.29,2.83,0.16,-7.54,0.02,
-9.27,0.29,2.94,1.67,-2.32,-0.64,
-9.30,0.21,3.02,1.09,3.02,-1.40,
-9.39,0.26,2.79,1.96,2.50,0.16,
-9.52,0.44,2.57,2.34,-1.27,-1.29,
-9.78,0.29,2.51,0.92,4.09,-1.34,
-9.33,0.34,2.60,4.83,-0.04,-0.57,
-10.03,0.36,2.30,4.07,-21.16,-1.65,
-9.93,0.33,2.30,9.35,-24.11,-0.62,
-9.99,0.62,1.87,9.71,-5.44,-12.22,
-9.76,0.65,2.11,8.00,-27.91,-9.41,
-9.81,0.73,1.83,10.06,-11.21,-16.49,
-9.53,0.96,1.59,3.96,-46.69,-10.70,
-9.88,1.07,1.34,7.61,-11.40,-3.87,
-10.01,1.11,0.77,3.81,1.50,1.73,
-10.00,1.13,0.61,0.36,-5.45,2.36,
-9.87,1.06,0.55,0.68,-5.43,2.44,
-9.77,1.02,0.83,-0.67,0.83,-0.12,
-9.83,1.00,0.71,0.60,1.16,0.88,
-9.90,1.09,0.81,-0.56,2.54,2.09,
-9.92,1.02,0.96,1.53,-2.91,3.11,
-9.87,1.02,0.76,1.06,-2.99,2.51,
-10.01,0.76,0.41,3.33,-7.28,4.07,
-9.92,0.60,0.19,2.51,-13.41,3.39,
-9.80,0.67,0.23,0.44,-5.22,0.15,
-9.83,0.70,0.37,1.15,1.57,0.58,
-10.02,0.75,0.22,0.22,-1.65,0.38,
-10.13,0.77,0.32,-0.92,-3.44,0.32,
-10.02,0.73,0.36,-0.73,-5.37,2.47,
-9.94,0.76,0.08,1.74,-8.42,2.90,
-10.05,0.74,0.16,5.41,-12.41,-1.59,
-10.21,0.55,-0.08,2.96,-14.97,1.21,
-9.21,0.63,0.05,6.48,-22.86,1.60,
-9.40,0.71,-1.77,-0.06,-43.56,-6.95,
-10.03,0.82,-1.95,-0.06,-19.03,-4.38,
-9.20,0.85,-1.10,2.90,-23.53,-1.55,
-9.23,0.72,-2.04,1.89,39.02,2.16,
-9.99,0.87,-2.44,-0.93,15.67,-1.45,
-9.84,0.92,-2.60,0.15,-10.28,-0.60,
-9.73,0.81,-2.37,0.10,-5.43,2.76,
-9.84,0.78,-2.45,-2.30,6.38,2.98,
-9.66,0.80,-2.47,0.83,-8.80,0.11,
-9.53,0.77,-2.66,2.08,2.49,2.92,
-9.80,0.76,-2.82,0.49,-2.18,1.99,
-9.71,0.82,-2.51,-0.64,-6.20,-0.36,
-9.62,0.76,-2.57,-0.68,-5.81,-0.80,
-9.61,0.62,-2.63,2.48,2.71,2.07,
-9.69,0.54,-2.89,-0.67,0.22,1.92,
-9.35,0.86,-2.50,-1.20,1.50,1.57,
-9.69,0.65,-2.95,2.22,4.62,2.04,
-9.43,0.64,-2.65,0.24,5.32,1.01,
-9.42,0.67,-2.46,-1.11,14.35,0.28,
-9.62,0.75,-2.90,-0.62,8.49,-0.18,
-9.60,0.63,-2.64,1.95,11.02,3.39,
-9.72,0.50,-2.64,-0.39,9.61,2.47,
-9.81,0.63,-2.30,3.14,58.78,8.90,
-10.19,0.32,-0.88,0.37,78.03,8.98,
-10.45,0.44,0.00,-6.47,74.37,3.75,
-9.80,0.22,1.58,-6.40,59.28,1.82,
-9.35,0.08,2.70,2.45,12.43,1.35,
-9.58,-0.03,2.26,2.61,10.48,4.40,
-9.90,0.06,2.23,-3.90,-10.22,0.90,
-9.64,0.23,2.03,1.19,-14.26,0.66,
-9.74,0.01,2.01,0.16,-10.53,0.54,
-9.92,0.04,2.05,-3.19,-5.46,-0.92,
-9.88,0.20,1.81,2.36,-2.76,3.27,
-9.65,-0.09,1.55,4.92,-4.02,3.60,
-9.50,-0.11,1.62,2.62,0.28,-0.31,
-9.73,-0.04,1.92,-2.15,4.39,-3.78,
-9.76,0.16,1.95,-1.73,2.82,-6.08,
-9.91,0.35,1.73,0.01,-4.31,-6.16,
-10.00,0.35,1.60,2.20,-4.23,-1.67,
-9.85,0.40,1.51,3.17,-1.84,0.67,
-9.70,0.31,1.41,2.73,-2.25,-0.15,
-9.79,0.38,1.38,1.32,-0.71,-1.89,
-9.85,0.38,1.41,1.20,-1.02,-3.22,
-9.99,0.44,1.39,0.94,-0.95,-1.38,
-9.89,0.49,1.34,1.07,-0.43,-0.24,
-9.92,0.50,1.32,-0.31,-0.60,0.40,
-9.95,0.50,1.13,-0.75,-3.11,1.78,
-9.71,0.45,1.28,0.26,2.05,1.87,
-9.81,0.43,1.36,0.07,2.41,0.88,
-9.84,0.44,1.27,0.29,-1.13,0.11,
-9.87,0.38,1.26,-1.31,0.30,-0.25,
-9.87,0.39,1.26,-1.07,1.62,0.47,
