-1.54,3.59,19.60,279.43,280.16,-283.24,
-3.91,5.14,6.48,-4.36,-3.25,7.34,
-4.21,3.88,7.21,7.80,-21.35,17.81,
-5.05,4.07,7.50,11.84,-24.34,14.56,
-4.71,3.09,7.89,33.12,-17.35,29.44,
-5.22,3.17,7.42,-13.27,-96.35,-2.54,
-8.79,3.82,8.11,-74.73,221.08,27.25,
-9.27,3.79,5.69,-113.09,99.57,63.95,
-9.16,5.76,7.91,-40.06,-35.34,94.89,
-8.54,2.22,6.51,-50.15,-43.17,56.12,
-9.79,1.44,4.61,25.59,-20.72,114.08,
-8.66,0.31,4.20,45.94,-87.44,87.90,
-8.18,-0.45,4.11,41.97,-19.71,114.31,
-6.55,-2.51,1.48,23.00,-42.81,55.93,
-6.56,-4.06,-0.89,20.85,-5.45,-3.24,
-7.90,-3.84,-0.93,-5.38,12.45,-5.35,
-8.32,-4.02,1.03,-3.65,9.96,-6.66,
-9.07,-3.70,1.40,1.32,7.57,-0.46,
-9.23,-3.38,0.74,4.79,20.38,0.88,
-9.12,-3.40,0.82,0.65,16.96,0.88,
-8.14,-2.40,1.22,-2.23,22.51,0.80,

-1.59,4.81,11.94,162.09,227.75,-172.59,
-3.10,5.24,7.40,-0.37,2.23,-1.95,
-3.47,4.91,7.70,-2.41,7.99,0.18,
-3.60,4.91,7.59,1.55,5.98,-3.52,
-3.31,4.99,7.69,-4.62,5.69,3.12,
-3.80,4.97,7.84,-9.54,2.22,11.50,
-6.27,5.33,8.45,-21.94,-17.82,37.02,
-8.71,4.81,8.80,18.99,-45.30,93.00,
-8.29,4.55,8.69,39.28,-83.03,109.64,
-7.39,2.71,7.23,37.58,-117.34,97.17,
-6.84,1.66,6.18,43.46,-89.25,86.59,
-6.34,-0.25,4.44,32.52,-66.43,63.97,
-6.00,-1.88,2.72,22.25,-37.44,44.68,
-7.65,-3.58,1.43,24.79,-45.01,12.80,
-7.60,-3.30,0.41,0.74,14.86,18.77,
-8.51,-3.42,0.78,-4.73,8.99,-0.96,
-9.80,-3.39,0.88,-6.42,19.41,-1.75,
-9.65,-3.40,1.26,-9.96,-4.76,-11.30,
-9.04,-3.44,1.80,-7.91,5.71,-4.68,

-0.80,4.92,15.47,226.83,267.18,-246.81,
-3.30,5.45,7.40,-4.80,13.32,20.85,
-2.95,5.29,7.42,-8.12,3.92,19.65,
-3.40,5.32,7.33,-1.36,9.79,17.03,
-7.32,5.27,7.10,-4.49,11.48,45.31,
-9.23,4.99,8.55,15.20,-77.12,98.73,
-9.25,5.98,8.47,17.85,-56.90,129.33,
-6.87,3.21,7.00,28.10,-47.97,133.32,
-6.06,1.03,5.12,55.94,-82.22,75.13,
-6.41,-0.63,3.79,22.21,-52.77,60.33,
-6.47,-1.41,1.54,23.24,-35.40,19.98,
-8.67,-2.88,1.90,15.91,16.32,11.94,
-8.89,-2.78,0.79,-1.34,-4.16,-1.39,
-9.04,-3.04,2.07,-1.01,16.20,2.02,
-9.13,-2.86,1.77,2.00,6.37,-0.71,
-9.43,-2.65,2.16,0.50,4.73,-3.32,

-3.11,5.40,4.12,-248.04,-173.76,244.10,
-2.66,5.35,7.58,-5.35,3.64,6.24,
-2.44,5.16,7.79,-0.73,2.50,3.03,
-2.57,5.04,7.40,3.72,-1.23,-3.84,
-4.91,4.69,8.56,-10.35,7.56,28.25,
-7.31,5.45,9.47,-13.86,-53.17,57.83,
-7.30,5.79,9.16,18.61,-64.65,110.91,
-5.75,3.94,8.06,33.25,-84.02,88.26,
-6.73,3.05,6.13,24.13,-68.10,91.77,
-7.29,0.87,4.51,31.66,-75.24,46.96,
-8.09,-0.61,3.55,30.71,-42.66,58.29,
-6.51,-1.52,2.52,-0.34,-38.12,31.49,
-7.62,-1.95,2.83,17.19,-6.08,26.87,
-8.34,-3.14,2.47,-3.61,8.27,-6.66,
-9.15,-2.94,2.10,-0.70,-21.51,-18.44,
-9.44,-2.45,2.18,-2.00,14.17,5.15,
-9.01,-2.42,2.70,-5.45,10.29,2.62,

-6.02,5.64,-0.81,-222.01,-259.84,242.01,
-3.56,5.24,7.39,0.40,4.43,2.32,
-3.38,5.21,7.66,-1.35,5.14,4.61,
-3.50,5.17,7.15,-2.98,10.80,4.59,
-6.50,5.01,7.63,-8.14,-14.34,28.82,
-8.41,4.95,7.61,-21.68,-44.10,86.79,
-7.14,6.53,7.82,20.52,-60.94,124.22,
-7.70,3.61,8.41,23.03,-129.05,41.02,
-6.98,2.99,5.58,18.81,-42.84,91.82,
-7.06,1.01,4.71,16.93,-69.37,44.36,
-6.81,-0.34,2.44,0.23,-46.93,37.69,
-6.72,-1.25,2.08,6.81,21.19,37.89,
-9.25,-2.62,2.41,2.82,2.98,3.99,
-9.73,-2.25,1.42,-1.45,-14.43,-3.10,
-9.68,-2.11,1.86,4.38,18.78,7.20,
-9.41,-2.22,2.22,0.49,-2.20,-4.22,

-0.68,4.36,19.20,259.33,279.56,-272.39,
-3.80,5.33,7.34,0.17,1.28,-0.92,
-3.67,5.30,7.34,-1.37,2.66,0.84,
-3.72,5.42,7.12,-3.12,3.32,1.54,
-5.90,5.07,7.35,-7.23,-0.71,24.20,
-8.80,4.72,7.86,-6.73,-46.08,70.59,
-8.01,4.91,7.52,-5.88,-76.82,98.19,
-7.50,4.14,7.23,19.21,-83.81,99.60,
-6.99,2.50,6.24,25.15,-64.54,95.87,
-8.15,0.33,5.46,41.24,-65.87,70.06,
-8.54,-1.13,3.67,35.37,-51.06,58.59,
-7.46,-1.39,2.55,16.82,-55.66,40.07,
-7.07,-2.68,1.85,16.71,-2.92,27.10,
-7.57,-2.95,1.20,-1.92,29.07,9.07,
-9.28,-2.62,0.92,-5.41,-1.79,-12.37,
-9.92,-3.15,2.12,-3.16,7.71,-3.50,
-8.35,-2.12,2.79,6.58,11.54,-11.07,

-5.56,6.70,-4.97,-274.47,-275.05,280.78,
-2.59,5.67,7.29,-0.51,-1.21,1.25,
-2.91,5.82,7.27,0.73,0.81,7.01,
-5.46,5.82,7.56,11.18,-9.75,19.54,
-7.79,5.50,6.79,-3.68,-25.30,95.72,
-7.48,6.23,8.52,-2.91,-35.04,132.14,
-7.23,4.73,8.06,20.49,-72.47,122.37,
-7.50,2.08,6.80,18.37,-92.84,90.83,
-6.44,0.71,3.95,36.50,-45.37,76.22,
-6.72,-1.34,3.57,31.28,-26.56,54.77,
-7.43,-1.85,1.77,8.07,-31.46,14.66,
-7.89,-2.18,1.84,-2.14,5.81,7.84,
-9.52,-2.64,2.42,0.88,-5.22,-8.49,
-9.50,-2.73,2.77,0.36,-1.04,-2.70,
-8.89,-2.52,2.64,0.11,2.50,-3.90,
-7.03,-2.07,3.57,3.22,36.77,-13.73,
-3.28,1.56,4.67,13.57,115.17,-19.26,

-2.71,4.93,9.53,230.79,153.82,-216.76,
-2.80,5.11,7.92,1.29,0.79,-0.65,
-2.77,5.01,7.73,-0.11,-0.65,0.78,
-3.73,4.96,7.62,-2.00,-0.40,8.00,
-8.41,5.03,7.71,8.24,-2.55,81.13,
-9.21,5.51,8.80,-23.96,-82.27,146.05,
-7.59,5.36,9.25,9.14,-81.72,148.34,
-6.94,2.79,7.84,38.22,-76.64,104.68,
-4.48,0.88,4.71,57.58,-69.38,88.83,
-4.90,-1.73,2.91,26.41,-34.96,34.77,
-7.51,-1.94,1.56,18.06,-44.11,-3.64,
-8.71,-2.78,2.32,1.78,8.44,-1.68,
-8.83,-2.66,2.90,2.70,8.29,-0.18,
-8.70,-2.94,3.20,6.44,11.03,-1.30,

-5.02,6.19,-2.11,-282.14,-240.09,282.60,
-2.85,5.41,7.59,-3.93,8.57,7.03,
-3.00,5.52,7.39,-4.18,11.14,7.03,
-4.30,5.40,7.14,-4.43,-8.64,16.70,
-7.33,5.56,8.13,-6.58,-10.67,99.44,
-8.83,5.56,8.82,-3.36,-47.70,130.03,
-8.13,5.75,9.91,-8.79,-42.14,142.84,
-6.53,3.23,7.81,55.87,-109.72,99.17,
-4.85,1.57,5.37,37.45,-91.59,83.05,
-5.61,-0.01,3.69,30.15,-24.39,64.19,
-6.35,-2.23,2.76,22.63,14.63,24.41,
-7.63,-2.99,2.17,7.22,9.89,11.23,
-9.00,-2.93,2.76,2.79,3.76,-5.52,
-9.44,-3.04,2.62,3.78,-0.21,-7.62,
-9.35,-2.95,2.56,2.03,-3.62,-6.90,

-5.16,6.09,-1.92,-284.37,-248.43,284.95,
-2.77,5.24,7.49,0.45,-0.43,-1.40,
-2.72,5.36,7.40,-2.00,0.36,1.30,
-2.87,5.20,7.59,-2.04,2.79,2.21,
-6.78,5.49,7.26,8.10,-9.02,52.68,
-9.09,4.96,8.87,10.61,-49.57,106.40,
-6.90,6.07,8.10,-5.79,-71.18,138.92,
-6.83,3.32,7.83,9.16,-103.70,101.75,
-5.49,1.36,5.83,9.64,-85.30,80.79,
-6.13,-0.31,4.30,38.09,-33.36,58.28,
-7.92,-2.55,3.45,20.83,-41.58,21.48,
-8.22,-1.73,1.47,6.50,-6.60,17.46,
-8.43,-2.35,2.52,3.26,14.19,10.32,
-8.95,-2.20,2.80,0.88,-2.70,-9.38,
-9.52,-2.83,2.98,7.52,5.88,-8.84,

-3.05,5.53,6.80,146.34,28.38,-109.09,
-2.81,5.36,7.63,-3.80,11.30,3.88,
-3.00,5.68,7.69,-4.14,1.99,7.60,
-3.41,5.62,7.13,-4.10,-1.14,20.07,
-7.45,4.77,8.45,3.33,-14.85,82.31,
-7.82,5.32,9.17,4.39,-50.54,125.97,
-6.06,5.30,8.00,41.86,-87.22,107.72,
-5.38,3.58,6.58,36.35,-72.78,94.61,
-7.03,0.32,5.57,42.19,-60.07,83.19,
-7.54,-1.06,4.29,43.76,-51.50,46.80,
-8.03,-2.01,2.35,19.63,-30.06,33.72,
-8.43,-1.89,2.39,15.28,-13.11,12.72,
-8.21,-2.93,2.89,6.81,3.39,3.91,
-8.69,-2.82,2.74,1.96,-2.00,-5.35,
-8.59,-2.91,2.12,4.09,10.86,0.77,

0.29,4.49,18.09,285.61,259.72,-285.77,
-2.46,5.36,7.76,-2.29,1.63,1.62,
-2.70,5.13,7.70,-1.23,1.92,-0.61,
-3.20,5.55,7.61,-3.58,-0.67,1.61,
-6.88,5.12,8.39,4.24,-5.04,72.13,
-7.79,5.55,9.45,-8.37,-44.07,108.68,
-5.87,5.38,9.26,34.29,-81.35,113.29,
-7.33,2.79,8.35,47.60,-64.10,95.93,
-6.81,1.52,5.84,56.77,-57.51,106.05,
-7.55,-0.24,4.32,37.28,-110.72,62.72,
-5.49,-2.07,3.07,18.26,-32.64,55.47,
-6.75,-3.31,1.95,20.78,5.64,10.35,
-8.29,-3.68,1.81,6.96,-7.28,-2.82,
-8.86,-4.02,2.02,2.78,-1.77,-3.13,
-9.03,-3.67,2.41,-5.12,10.72,-0.17,
-8.82,-3.41,1.95,-3.10,8.64,-4.06,

-0.38,4.93,16.85,283.51,250.01,-283.74,
-2.39,5.62,7.39,-4.73,17.44,19.01,
-2.45,5.41,7.68,-3.08,0.93,1.99,
-2.44,5.51,7.34,-5.07,4.56,2.80,
-2.68,5.58,7.51,-0.72,-1.14,-2.74,
-8.29,4.56,7.63,24.18,-21.63,73.81,
-9.46,5.45,8.52,-4.66,-67.59,109.92,
-7.47,4.96,6.93,24.00,-132.23,94.61,
-6.90,3.25,6.96,39.42,-62.47,99.59,
-7.24,1.21,5.97,47.22,-59.39,95.18,
-7.07,0.09,3.72,36.07,-45.67,69.84,
-6.85,-1.92,2.43,25.27,-45.33,40.29,
-7.63,-2.90,1.67,17.48,-20.84,14.37,
-8.18,-2.86,0.96,7.88,5.69,-0.41,
-8.85,-2.91,1.55,0.06,9.03,-4.89,

-2.93,5.74,4.49,-80.93,-162.08,79.56,
-2.15,5.48,7.66,-1.27,3.42,3.16,
-2.32,5.29,7.70,0.75,3.54,1.33,
-5.78,5.18,7.29,10.41,-18.22,12.33,
-7.45,5.81,7.67,13.35,-23.31,97.23,
-8.15,5.05,9.78,23.90,-74.68,119.26,
-6.80,3.35,9.39,39.75,-100.34,102.30,
-5.78,1.77,6.47,41.79,-120.88,77.94,
-6.74,-0.29,5.01,36.59,-61.70,69.98,
-6.69,-2.06,3.15,25.22,-59.53,54.19,
-6.74,-2.78,1.86,22.53,-11.12,27.34,
-7.38,-2.78,1.19,1.00,15.25,5.71,
-9.01,-3.24,1.70,-2.50,-3.02,-11.25,
-9.61,-3.02,1.97,-2.14,7.45,-4.76,
-8.54,-3.05,2.84,1.28,33.46,9.10,

-3.89,5.24,8.69,-101.11,36.18,72.82,
-7.66,4.56,8.28,15.21,-30.84,70.78,
-8.30,4.78,8.49,20.11,-38.95,149.92,
-7.28,4.71,9.46,37.07,-57.48,118.75,
-6.20,2.42,8.13,38.13,-121.97,86.28,
-6.33,-0.09,6.56,61.44,-79.96,86.92,
-6.86,-1.41,4.57,50.09,-28.79,57.30,
-6.59,-2.53,2.08,41.70,-35.12,27.88,
-6.86,-3.90,1.24,-2.44,-4.61,45.53,
-7.79,-4.25,1.07,13.70,-1.10,5.99,
-8.47,-4.58,1.29,1.29,0.96,-3.31,
-8.90,-4.79,1.85,-2.15,8.72,-5.13,
-8.52,-4.39,2.24,-2.15,5.32,-5.97,
-8.24,-4.36,2.33,-2.06,11.10,-8.09,
-7.65,-3.27,2.03,0.95,20.68,-26.53,

-5.13,6.51,-4.60,-273.32,-274.13,280.40,
-2.32,5.62,7.66,-0.52,-1.15,-1.22,
-2.22,5.50,7.72,-1.26,0.82,2.16,
-2.25,5.54,7.49,1.93,1.36,0.02,
-2.91,5.32,7.57,-3.37,1.41,7.37,
-6.68,5.25,7.64,19.21,-36.61,45.98,
-7.85,5.70,8.30,0.41,-24.39,114.44,
-7.06,5.64,9.32,24.06,-84.99,127.45,
-7.91,3.36,8.55,30.94,-135.54,96.65,
-8.23,2.15,6.28,42.41,-115.87,94.32,
-7.23,-0.91,3.36,29.13,-56.30,96.02,
-6.09,-1.23,2.70,35.82,-12.85,51.35,
-6.91,-2.78,0.75,25.85,0.54,20.93,
-7.90,-3.01,1.48,-0.67,14.92,3.31,
-8.56,-4.20,2.67,0.45,17.23,-4.04,
-9.14,-4.04,2.51,-1.36,9.99,1.43,
-9.18,-3.73,2.76,2.87,12.43,6.90,
-8.27,-3.48,3.02,10.92,26.64,7.32,

-0.23,4.27,13.42,172.25,232.02,-183.27,
-2.40,5.61,7.85,-3.42,-19.96,-9.95,
-2.35,5.17,7.77,-4.99,-5.15,3.06,
-3.20,5.28,7.95,-6.78,6.10,27.01,
-7.60,4.92,8.96,5.06,-31.32,82.29,
-6.63,5.18,10.64,7.48,-59.24,116.64,
-6.38,4.45,9.42,49.08,-110.71,107.28,
-5.71,3.48,8.08,62.77,-94.23,104.82,
-6.40,0.58,5.94,43.64,-96.36,79.83,
-6.17,-1.02,3.34,42.96,-53.38,66.55,
-6.77,-2.83,2.17,16.32,-27.79,36.92,
-7.70,-3.43,1.78,14.14,-6.62,9.53,
-8.59,-4.34,2.81,8.97,-8.64,-0.88,
-8.71,-4.40,3.27,2.22,-1.72,0.50,
-8.58,-4.08,2.27,-2.99,11.69,3.98,
-7.60,-3.11,2.48,-7.93,21.74,0.61,
-6.10,-2.65,2.86,-1.92,52.56,-0.58,
-6.49,-1.75,3.39,-13.94,37.35,-83.70,

-3.97,6.26,-1.97,-282.08,-241.12,282.54,
-1.92,5.64,7.61,-3.88,3.85,2.11,
-1.66,5.69,7.63,1.35,-2.73,-3.43,
-2.15,5.68,7.41,-2.83,-0.88,3.12,
-7.51,4.99,9.81,20.30,-26.16,76.10,
-6.80,5.04,10.44,38.61,-85.09,96.01,
-6.80,3.71,10.83,73.57,-68.68,145.07,
-5.55,2.76,8.93,80.23,-118.65,100.20,
-5.81,0.58,5.76,50.86,-146.20,66.31,
-6.21,-0.86,2.82,39.52,-30.81,67.17,
-6.26,-2.46,0.97,23.24,9.89,30.44,
-7.68,-3.45,1.07,6.55,-5.94,-1.10,
-8.92,-4.04,1.64,1.46,-2.78,-6.69,
-9.06,-4.39,2.66,2.07,-4.98,-3.90,

-2.09,5.70,7.13,179.22,70.61,-144.87,
-2.04,5.45,7.61,-0.17,9.40,2.07,
-1.97,5.48,7.78,-1.27,3.54,1.72,
-3.35,5.35,7.42,2.60,-21.29,6.54,
-6.50,4.99,9.50,2.64,18.51,94.38,
-7.35,4.75,11.27,26.86,-51.61,102.74,
-7.70,4.37,10.08,76.75,-99.17,106.94,
-5.99,3.03,8.61,66.17,-110.50,100.63,
-5.44,1.03,5.86,51.35,-87.94,81.66,
-5.84,-1.36,3.23,43.15,-59.72,69.74,
-5.92,-2.80,1.53,17.27,-11.65,39.61,
-6.86,-3.35,1.47,8.20,10.48,10.81,
-8.18,-4.22,1.59,-0.79,4.56,1.65,
-8.76,-4.08,1.60,-4.82,-5.23,-8.00,
-8.77,-4.21,2.01,-2.18,8.60,1.11,
-8.50,-3.63,2.40,31.26,45.75,0.62,

-5.67,6.64,-5.35,-273.54,-276.22,280.62,
-2.74,5.53,7.30,-0.64,3.97,-0.16,
-2.76,5.67,7.62,-1.84,1.10,0.21,
-3.05,5.62,7.23,0.00,5.41,1.25,
-3.08,5.70,7.32,-1.09,1.50,3.25,
-7.45,4.86,8.99,13.39,-14.52,63.77,
-8.54,4.27,9.89,33.71,-59.27,89.07,
-8.21,4.36,9.69,61.88,-68.87,119.75,
-6.81,2.88,8.62,67.12,-112.28,106.85,
-6.82,0.41,5.97,48.31,-133.54,97.03,
-6.66,-1.25,3.34,43.30,-72.06,86.57,
-5.16,-3.29,0.72,11.05,-14.38,44.60,
-6.32,-3.50,0.95,7.53,13.89,12.23,
-8.09,-4.88,1.87,9.49,-1.41,-7.39,
-8.71,-4.69,1.27,-1.17,2.84,-5.25,
-8.31,-4.02,1.16,-3.96,18.18,-0.25,
-6.86,-2.95,2.39,4.62,80.26,8.52,

-2.27,5.37,9.23,-45.81,80.68,35.40,
-2.45,5.63,7.48,-0.74,-1.46,3.44,
-2.55,5.51,7.55,-2.84,3.49,6.25,
-7.07,5.00,8.44,8.92,-20.35,51.36,
-9.33,4.90,10.10,11.40,-46.32,125.89,
-8.70,3.46,10.57,41.02,-117.52,103.84,
-6.94,2.90,8.54,54.30,-125.10,107.91,
-5.66,1.08,5.80,30.24,-127.68,83.15,
-6.42,-1.32,2.88,37.28,-54.82,67.91,
-6.31,-2.57,0.91,-5.35,-16.16,40.39,
-6.86,-3.55,1.27,6.04,21.58,20.10,
-8.26,-4.03,1.78,0.38,-2.04,-2.33,
-8.43,-3.82,1.62,1.25,10.47,-3.29,
-8.65,-3.78,1.83,-2.63,17.12,0.63,
-8.44,-3.82,2.31,4.27,35.94,7.34,

-2.73,5.05,8.29,215.99,127.28,-198.98,
-2.75,5.07,7.72,0.25,0.35,-1.95,
-2.67,5.19,7.55,-2.67,0.51,0.88,
-2.79,5.12,7.73,-2.67,0.09,0.51,
-5.60,4.28,8.59,1.61,-13.50,22.84,
-8.68,3.13,10.70,15.70,-84.65,62.40,
-7.88,4.09,9.85,42.05,-92.36,100.06,
-7.28,3.36,8.28,46.77,-61.53,121.61,
-7.25,1.16,6.66,68.17,-80.70,112.01,
-5.44,-0.55,3.77,36.15,-63.69,76.74,
-6.03,-1.70,2.19,14.26,-23.40,28.85,
-6.97,-3.14,3.02,14.16,32.11,13.91,
-8.16,-3.57,3.02,23.15,-1.03,-17.80,

-1.78,5.04,11.23,111.33,194.57,-109.27,
-2.70,5.54,7.37,1.51,-3.11,-3.24,
-2.62,5.70,7.23,0.17,0.98,1.85,
-3.07,5.66,7.41,-3.97,3.55,3.67,
-6.68,5.13,8.27,13.26,-20.37,38.81,
-9.28,4.00,9.78,23.58,-64.52,83.28,
-6.98,5.63,9.48,44.19,-42.81,145.41,
-5.95,3.23,9.18,38.43,-118.62,85.33,
-6.22,1.21,5.77,41.35,-86.27,88.09,
-6.49,-0.81,3.88,32.21,-38.21,74.27,
-6.68,-2.14,1.89,17.67,-19.83,34.02,
-7.67,-3.36,2.17,5.64,-11.21,13.24,
-7.84,-3.55,2.27,6.42,0.77,4.71,
-8.15,-3.91,1.99,3.99,2.55,-2.54,
-8.12,-4.36,2.33,8.38,21.03,-3.74,

-2.52,5.67,8.07,-124.70,12.85,93.18,
-2.90,5.73,7.23,0.97,1.37,-0.97,
-2.88,5.80,7.12,-2.42,-0.65,-0.45,
-4.23,5.56,7.02,-0.38,-7.27,9.36,
-7.61,6.01,7.73,4.37,-7.80,75.51,
-9.16,4.79,9.62,17.70,-54.48,114.82,
-8.46,4.57,9.27,45.33,-75.40,130.82,
-6.26,3.22,7.51,60.74,-95.15,107.86,
-5.71,0.30,5.28,21.80,-84.76,102.40,
-6.18,-1.55,3.00,24.15,-51.48,66.66,
-7.04,-2.73,2.13,13.66,-32.97,27.09,
-7.56,-3.25,1.09,8.29,-7.10,5.14,
-8.12,-3.73,1.64,0.98,5.22,-0.88,
-8.49,-3.94,2.08,6.50,3.05,-10.10,

-2.40,5.77,6.95,-208.15,-108.04,185.81,
-2.72,5.80,7.30,-1.28,0.48,-0.60,
-2.59,5.80,7.00,0.03,1.03,1.75,
-5.78,5.07,6.50,1.64,0.16,48.38,
-8.39,4.90,8.06,9.65,-14.54,118.58,
-8.00,5.26,9.66,21.87,-64.72,114.98,
-7.23,4.45,8.58,48.87,-57.98,131.78,
-6.74,2.54,7.28,37.13,-119.61,101.23,
-5.82,0.04,4.94,31.76,-109.39,80.01,
-6.99,-2.09,2.50,23.62,-51.12,51.51,
-6.68,-2.95,1.87,4.36,8.09,40.42,
-8.29,-4.05,2.18,21.84,-16.52,6.40,
-8.47,-3.94,1.35,15.81,-3.83,-2.44,
-8.61,-3.90,1.30,8.86,-3.18,-11.64,
-6.98,-3.19,2.05,25.65,52.47,-17.36,

-1.89,5.75,6.99,-210.39,-108.03,190.28,
-1.90,5.80,7.60,-2.72,-1.80,1.62,
-1.81,5.61,7.73,-2.94,1.59,6.56,
-4.31,5.58,7.62,8.45,-29.83,-4.65,
-6.34,5.06,7.83,16.84,-49.43,54.50,
-9.39,4.06,10.07,42.21,-81.94,92.29,
-6.51,4.87,9.40,30.05,-47.76,131.95,
-5.66,3.45,8.28,68.01,-58.56,119.24,
-6.37,0.83,6.38,61.54,-120.04,52.24,
-6.37,-1.06,3.78,34.42,-73.69,65.67,
-7.03,-2.47,2.22,30.23,-25.75,27.58,
-7.62,-3.01,1.80,15.22,-3.08,2.99,
-8.23,-3.42,1.81,6.35,1.77,-6.79,
-8.33,-3.56,2.85,3.74,15.29,-10.26,

-1.51,5.71,8.15,-166.63,-38.99,133.16,
-1.63,5.87,7.47,-0.45,3.06,-0.35,
-1.76,5.72,7.46,-1.23,0.65,1.10,
-2.92,5.67,7.38,-1.60,-7.53,6.00,
-6.72,5.30,8.28,12.49,-27.38,42.30,
-7.59,5.95,9.35,42.13,-40.56,110.56,
-7.32,5.25,10.63,74.72,-72.79,129.39,
-5.09,3.18,8.39,83.54,-104.68,113.33,
-5.17,0.19,5.49,46.23,-108.20,96.92,
-5.48,-0.43,2.80,33.55,-21.22,61.95,
-6.16,-3.15,2.18,19.75,0.04,15.86,
-7.73,-3.50,2.17,4.66,15.60,4.59,
-8.07,-4.04,3.23,0.80,6.16,-4.31,
-8.75,-4.26,3.37,-2.50,10.67,-6.48,
-8.11,-3.43,3.57,14.32,24.74,-18.30,

-4.14,6.28,-2.21,-281.96,-238.04,282.52,
-1.85,5.37,7.09,8.15,15.72,-6.83,
-1.59,6.65,8.09,-5.69,-3.38,-0.45,
-4.58,4.23,8.03,14.54,-4.62,12.48,
-6.93,5.97,9.51,22.98,-35.88,92.23,
-8.39,5.06,10.88,26.55,-67.49,129.53,
-6.20,4.84,9.64,81.04,-78.02,124.53,
-4.24,2.74,6.87,84.25,-81.72,93.69,
-4.81,-0.60,3.66,55.63,-48.97,77.94,
-6.74,-2.03,1.81,39.99,-16.00,40.78,
-7.83,-3.38,2.45,8.19,-15.48,-0.65,
-7.88,-3.83,2.61,-5.32,0.64,-8.51,
-8.77,-3.83,2.90,-9.62,6.67,-2.98,
-8.93,-3.89,3.88,-10.26,-5.26,-1.46,
-8.32,-3.85,3.89,-3.85,9.50,-0.74,
-3.46,-0.75,4.04,25.30,79.73,-6.09,

-1.15,5.80,9.18,-19.76,99.63,16.96,
-1.73,5.98,7.43,-2.99,5.76,2.98,
-1.64,5.93,7.34,-1.51,3.82,2.63,
-2.90,6.12,7.06,-0.03,-3.38,5.95,
-6.39,5.26,9.38,7.86,-35.96,58.05,
-7.64,5.36,10.31,42.04,-65.92,132.10,
-7.47,5.15,10.65,64.86,-109.06,141.34,
-6.23,3.19,8.49,70.21,-112.08,105.17,
-5.66,0.48,5.80,66.64,-65.21,106.74,
-5.26,-1.23,2.15,42.92,-27.60,62.64,
-5.67,-3.05,1.55,9.21,-14.84,18.30,
-7.77,-3.42,1.93,-0.94,8.67,-1.39,
-8.66,-4.05,2.42,-3.86,1.95,-5.17,
-8.59,-3.89,2.69,-5.80,3.98,-2.78,
-8.27,-3.40,3.17,-4.30,12.77,-1.44,

-1.83,5.85,7.80,211.64,127.19,-190.95,
-1.83,5.89,7.25,-1.27,4.89,-0.53,
-2.02,5.83,7.50,-3.90,3.15,3.60,
-3.75,5.99,8.57,-1.14,-15.29,15.96,
-7.82,5.64,8.68,18.31,-34.02,68.69,
-6.93,6.07,9.95,42.87,-57.96,128.63,
-7.60,4.69,9.81,70.26,-100.75,121.70,
-5.66,3.01,7.70,76.08,-75.32,127.22,
-4.76,0.02,4.60,54.59,-79.80,75.87,
-5.73,-1.74,2.43,33.47,-60.02,43.94,
-6.48,-2.72,1.61,15.65,-3.02,19.24,
-7.96,-3.56,1.93,-0.55,19.28,1.89,
-8.48,-3.97,2.27,-1.57,-4.38,-10.04,
-8.97,-4.01,2.65,-6.10,-1.72,-7.18,
-8.95,-3.83,3.02,1.22,-0.40,-6.58,
-7.58,-3.13,3.74,21.63,37.02,-14.06,

-2.42,6.05,6.95,206.68,114.00,-182.80,
-2.25,6.11,7.14,0.37,4.45,0.23,
-2.27,6.00,7.11,-2.42,6.70,4.45,
-6.07,5.75,8.43,8.31,-30.25,28.25,
-9.29,5.46,10.07,18.74,-29.37,112.57,
-7.96,5.41,10.85,42.76,-99.32,125.03,
-5.87,4.59,8.54,67.52,-113.69,111.08,
-5.38,2.05,5.81,63.88,-75.38,97.76,
-5.93,-0.45,3.66,47.71,-38.63,72.65,
-6.60,-2.43,2.41,22.95,-31.38,41.83,
-7.43,-3.24,2.30,12.74,-18.46,8.68,
-8.28,-3.08,2.41,-1.95,5.93,0.89,
-8.55,-3.65,2.25,-3.47,13.84,-7.53,
-8.77,-3.46,2.92,-5.53,14.46,-6.88,
-7.20,-2.55,3.70,7.21,47.79,-3.42,

0.50,5.23,17.69,285.49,260.54,-285.70,
-2.30,6.07,7.33,-1.83,3.45,4.26,
-4.65,5.81,7.26,3.55,-14.73,20.49,
-7.88,6.53,8.48,22.10,40.72,143.07,
-7.41,5.69,10.41,45.90,-88.05,124.57,
-7.26,3.81,9.47,58.46,-97.87,124.48,
-5.34,2.37,6.74,60.52,-93.20,112.52,
-5.08,-0.57,4.17,57.14,-56.74,78.81,
-5.54,-2.45,3.06,37.98,-28.25,43.35,
-6.94,-3.64,1.62,24.48,-31.54,2.17,
-8.04,-4.09,1.40,0.05,4.42,-0.31,
-8.56,-4.01,2.35,-9.71,16.77,-0.40,
-8.56,-4.06,2.52,-14.39,11.74,-3.22,
-8.14,-3.74,3.20,2.23,41.59,-5.50,

-0.36,5.20,14.81,275.66,227.07,-275.36,
-1.71,5.67,7.76,-0.81,0.78,1.65,
-1.61,5.80,7.54,-1.86,0.30,-1.39,
-3.07,5.83,7.23,0.58,6.20,10.11,
-7.96,5.67,9.66,21.86,-39.65,67.81,
-7.58,5.38,10.74,45.51,-78.93,138.90,
-5.74,5.25,10.00,58.70,-91.88,136.75,
-5.90,2.40,7.81,70.25,-120.40,95.02,
-5.77,-0.37,5.29,42.96,-49.74,88.94,
-6.18,-1.72,3.04,36.72,-40.78,43.11,
-6.66,-2.94,2.43,16.42,-29.45,18.24,
-7.50,-3.39,2.26,5.36,-2.15,1.61,
-8.34,-3.50,2.46,-0.86,3.24,-4.68,
-8.67,-3.66,2.76,-3.40,5.60,-4.49,
-8.16,-3.08,3.83,3.96,26.80,0.56,

-1.42,5.80,7.44,205.75,116.39,-180.91,
-1.33,5.74,7.60,0.14,1.84,0.82,
-1.32,5.72,7.66,-0.65,1.62,1.36,
-1.40,5.83,7.69,-1.77,-1.33,0.52,
-3.59,5.54,8.09,0.72,-21.89,11.93,
-7.49,5.56,8.81,30.42,0.36,82.44,
-5.61,5.80,9.75,40.93,-49.75,126.03,
-5.17,5.26,9.11,65.65,-98.34,108.54,
-5.46,2.71,7.66,69.02,-84.94,108.83,
-5.38,0.21,5.45,41.01,-54.45,91.36,
-5.63,-1.53,3.85,32.26,-57.07,50.82,
-6.02,-2.62,2.85,7.41,-7.11,30.99,
-7.53,-3.14,3.06,2.84,6.79,5.90,
-8.44,-3.83,3.37,2.78,-4.39,-5.41,
-8.54,-3.85,3.55,0.94,3.31,-1.58,
-8.63,-3.75,3.68,3.18,3.58,-0.97,
-7.23,-3.44,3.88,15.94,36.11,-4.31,

-2.68,6.26,4.32,-81.72,-163.46,80.54,
-1.95,5.98,7.38,0.68,2.49,1.34,
-1.93,5.97,7.32,-1.69,2.99,2.06,
-2.85,5.78,7.36,-2.72,0.64,7.44,
-6.86,5.48,8.64,11.53,-40.78,21.06,
-7.91,5.83,9.72,25.75,-28.10,115.24,
-5.98,5.48,9.90,55.48,-94.27,111.85,
-5.74,3.42,8.87,69.35,-91.60,111.86,
-5.69,1.63,6.38,52.66,-54.18,91.41,
-6.62,-0.82,4.01,42.43,-57.08,63.69,
-6.74,-2.32,3.15,26.87,-55.76,24.52,
-6.70,-2.78,2.49,13.98,5.01,19.36,
-7.42,-3.34,2.42,10.19,4.62,1.85,
-8.38,-3.04,2.05,-0.73,13.64,-6.58,
-8.47,-3.10,3.27,-0.16,36.79,-1.04,

0.85,5.00,17.18,285.16,255.05,-285.32,
-1.51,5.69,7.55,0.67,1.32,3.77,
-1.58,5.74,7.61,-1.78,-2.47,2.95,
-6.49,5.31,8.41,13.67,-52.95,24.18,
-6.16,5.80,9.93,28.03,-27.62,112.95,
-7.29,4.88,11.32,61.51,-97.15,128.82,
-5.72,4.22,9.03,70.54,-82.91,133.28,
-4.69,1.62,5.85,60.29,-106.62,85.03,
-5.16,-1.07,4.67,45.05,-63.23,79.06,
-5.56,-2.90,2.90,21.29,-44.90,31.48,
-7.65,-3.39,2.29,9.48,-13.91,4.50,
-8.75,-3.77,2.22,-0.05,-5.07,-10.29,
-8.88,-3.78,2.59,-6.33,-6.71,-8.31,
-9.10,-3.81,2.72,-1.62,-7.68,-5.84,
-9.00,-3.67,3.04,0.74,5.57,-1.60,
-8.68,-3.55,3.25,8.77,12.50,-4.70,

-1.20,5.82,9.24,237.42,163.51,-229.02,
-1.97,5.72,7.71,-2.18,1.98,10.33,
-3.96,5.53,7.75,0.39,-28.27,5.46,
-8.48,5.08,9.73,18.59,-39.59,98.94,
-7.82,5.60,9.31,54.98,-106.41,100.31,
-7.22,4.04,9.44,66.04,-71.61,133.52,
-6.74,1.75,7.65,65.56,-90.59,119.33,
-5.55,0.27,5.17,41.91,-120.86,70.01,
-5.55,-1.75,3.04,22.40,-47.56,46.27,
-6.55,-3.10,2.34,13.36,-11.31,13.44,
-7.86,-3.75,2.34,1.91,1.22,-0.89,
-8.73,-3.71,2.02,-10.04,10.12,-3.89,
-9.15,-3.54,2.69,-9.77,2.96,-7.11,
-9.33,-3.63,2.56,-6.00,0.44,-2.16,
-9.11,-3.83,2.94,-1.67,-1.44,0.51,
-7.38,-2.67,3.17,21.52,45.40,1.79,
-6.25,-1.55,2.91,-6.17,28.17,-72.89,
-4.92,-0.24,2.97,-38.00,183.24,-37.61,

-1.40,5.66,7.97,-181.01,-57.93,148.23,
-1.72,5.74,7.47,-0.32,1.19,-1.19,
-1.70,5.79,7.48,-2.44,2.48,1.89,
-3.46,5.88,7.30,-3.85,14.96,31.81,
-9.08,5.13,9.24,12.25,-34.40,92.47,
-7.88,5.91,10.01,46.85,-94.40,130.62,
-6.48,4.93,10.26,57.66,-89.29,153.62,
-5.61,2.48,6.77,59.03,-104.17,102.05,
-6.07,-0.09,4.67,42.19,-106.51,78.36,
-6.33,-1.81,2.28,19.24,-56.28,52.68,
-7.02,-2.97,1.54,2.51,-29.59,13.53,
-8.21,-3.53,1.43,-4.43,6.98,2.19,
-9.04,-3.84,2.05,-5.38,3.26,-3.53,
-9.05,-4.04,2.00,-4.89,3.70,-0.21,
-8.76,-3.86,2.19,-3.32,0.56,-3.18,
-8.71,-3.75,2.40,2.14,4.70,-2.53,
-8.66,-3.82,2.40,2.07,8.02,-5.96,
-8.06,-3.17,2.77,7.88,15.52,-12.15,

-2.22,5.92,5.32,-67.86,-148.13,65.33,
-1.36,5.71,7.67,-1.36,-0.67,0.35,
-1.44,5.70,7.51,-1.07,1.50,2.07,
-3.30,5.44,7.62,-5.66,-0.30,22.85,
-8.15,4.75,10.64,7.56,-60.83,75.95,
-7.96,5.28,10.97,34.83,-64.02,139.10,
-6.83,4.82,10.29,48.22,-93.42,144.10,
-5.03,3.44,7.42,69.29,-104.37,115.09,
-5.19,-0.16,5.71,39.61,-108.06,82.38,
-6.18,-2.35,2.10,31.35,-49.88,40.92,
-7.03,-2.52,0.64,11.17,-22.49,9.82,
-8.17,-3.54,2.03,2.50,3.66,3.42,
-8.77,-4.11,2.43,4.70,-4.82,-2.84,
-8.97,-4.13,2.13,-4.22,6.90,0.66,
-8.50,-3.86,2.34,-4.92,7.23,-0.91,
-7.87,-3.29,2.78,3.78,19.66,-7.70,
-7.91,-3.63,2.53,6.29,36.13,-19.03,

-0.48,5.54,12.92,266.47,210.55,-265.32,
-1.89,5.99,7.10,0.56,-0.90,1.14,
-1.76,5.99,7.49,-2.35,2.07,3.75,
-2.29,5.75,7.51,-5.07,6.69,7.18,
-6.90,5.30,8.46,2.64,-22.37,72.29,
-8.80,5.62,10.28,27.41,-51.06,132.13,
-7.35,5.64,10.44,62.25,-107.55,132.22,
-6.75,3.20,9.45,75.71,-104.32,110.45,
-5.64,1.28,6.45,64.19,-89.89,97.64,
-6.33,-0.78,3.91,79.76,-76.95,75.15,
-6.49,-3.33,1.27,33.80,-53.68,43.17,
-6.83,-4.27,0.73,16.97,-20.11,6.94,
-7.77,-4.52,1.10,11.22,-7.77,-0.81,
-8.75,-4.66,1.60,2.48,-1.18,-7.05,
