-6.43,4.14,6.00,0.22,4.60,-0.41,
-6.41,4.08,6.00,2.27,2.08,-0.52,
-6.48,4.13,5.99,2.35,-0.60,-1.08,
-6.47,4.12,6.06,1.67,-0.68,-1.15,
-6.59,4.28,6.07,1.75,-1.78,-0.52,
-6.49,4.35,6.01,3.60,-0.89,-0.51,
-6.59,4.13,5.88,1.24,-3.83,-0.93,
-6.53,4.37,5.90,-0.11,0.36,-1.17,
-6.59,4.07,5.79,-0.17,4.77,0.48,
-6.43,4.37,5.92,-4.37,-4.74,-0.28,
-6.70,4.42,5.89,-2.20,-1.97,-0.55,
-6.68,4.33,5.84,-1.47,0.18,0.46,
-6.65,4.26,5.89,-1.48,0.23,0.78,
-6.61,4.32,5.90,-1.81,0.67,1.53,
-6.53,4.37,5.99,-0.54,-0.24,1.94,
-6.43,4.40,5.94,0.07,2.05,1.06,
-6.49,4.38,5.80,0.59,-2.62,0.69,
-6.52,4.34,5.89,0.25,-4.24,0.70,
-6.63,4.37,5.96,-0.24,-0.51,1.12,
-6.60,4.32,5.97,0.20,0.19,2.54,
-6.58,4.24,5.88,0.95,3.33,3.48,
-6.59,4.19,5.84,1.57,-3.57,2.39,
-6.61,4.17,5.77,1.48,-8.05,1.66,
-7.02,4.25,5.79,-2.28,-6.35,2.66,
-6.86,4.23,5.75,-0.39,-2.73,6.27,
-6.79,4.14,5.73,0.39,3.16,8.88,
-6.77,4.03,5.74,0.04,3.99,6.23,
-6.89,3.90,5.79,-1.32,1.68,3.45,
-7.00,3.97,5.77,-0.46,2.21,5.97,
-6.88,3.86,5.72,-1.92,-2.28,5.64,
-6.93,3.84,5.60,-1.78,2.75,4.40,
-6.82,3.93,5.62,-2.80,3.95,2.07,
-6.98,3.87,5.69,-3.20,4.30,1.86,
-6.97,3.84,5.69,-0.76,-0.81,3.04,
-6.93,3.86,5.80,-4.21,-1.90,1.89,
-6.81,3.84,5.86,-4.13,6.81,1.36,
-6.98,3.85,5.94,-2.96,2.56,1.66,
-6.77,3.81,5.98,0.18,0.11,2.86,
-6.69,3.93,5.93,2.53,-1.42,1.24,
-6.79,3.80,5.62,1.97,-4.29,-1.03,
-7.01,3.96,5.45,2.52,-4.50,-3.71,
-7.04,3.54,5.76,3.55,3.27,-3.16,
-7.05,3.89,5.95,0.97,0.59,-1.61,
-6.86,3.86,5.96,3.68,-7.37,0.73,
-6.80,3.88,5.64,2.31,-0.92,0.64,
-6.67,3.99,5.82,-0.59,1.15,-1.04,
-7.18,3.99,5.73,0.54,0.31,1.19,
-6.92,3.91,5.71,2.03,-5.30,1.50,
-7.13,3.78,5.71,-0.14,-9.21,1.05,
-6.90,3.85,5.85,-1.54,-8.45,0.30,
-6.87,3.93,5.73,-2.20,1.91,0.04,
-6.95,3.93,5.59,-1.88,2.72,-0.42,
-6.89,3.96,5.77,-2.49,0.21,0.48,
-6.87,3.96,5.76,-0.74,1.62,1.01,
-6.94,3.84,5.65,0.15,-1.66,0.68,
-6.95,3.97,5.59,-0.29,-4.07,0.54,
-7.04,4.04,5.81,-0.23,-3.77,0.74,
-6.99,4.02,5.59,1.01,-0.95,1.31,
-6.99,3.99,5.54,0.94,-1.00,1.57,
-6.97,3.96,5.51,-0.37,1.37,1.29,
-7.04,3.99,5.62,-0.83,-1.28,0.39,
-7.13,3.97,5.66,0.00,-2.64,1.09,
-7.12,3.91,5.59,1.32,-4.41,0.54,
-7.12,3.85,5.51,0.56,0.71,0.44,
-7.12,3.89,5.53,0.08,2.11,0.20,
-7.11,3.87,5.56,-0.09,-0.24,0.46,
-7.07,3.92,5.53,0.32,-0.99,0.46,
-7.20,3.88,5.50,0.49,-2.15,0.13,
-7.17,3.90,5.54,-0.31,-0.74,0.17,
-7.14,3.91,5.49,-0.11,1.17,0.05,
-7.10,3.97,5.54,0.55,4.03,0.10,
-7.10,3.89,5.42,1.46,0.63,0.52,
-7.19,3.85,5.39,0.54,-1.86,0.49,
-7.18,3.94,5.54,-1.20,-0.90,0.38,
-7.15,3.88,5.54,-0.89,1.23,0.42,
-7.17,3.87,5.52,0.54,-1.29,0.44,
-7.13,3.90,5.53,0.75,0.62,0.28,
-7.14,3.91,5.43,1.20,1.71,0.16,
-7.18,3.90,5.45,0.76,0.83,0.16,
-7.19,3.92,5.45,-0.40,0.79,0.38,
-7.19,3.91,5.46,-0.34,-0.19,0.18,
-7.18,3.88,5.49,-0.42,2.26,0.41,
-7.16,3.91,5.49,-0.04,2.49,1.29,
-7.13,3.87,5.44,0.95,-3.11,1.01,
-7.24,3.90,5.53,0.69,-3.61,0.07,
-7.26,3.91,5.51,1.25,0.49,0.55,
-6.87,3.88,5.54,1.33,15.18,0.91,
-7.22,3.83,5.49,-1.16,8.58,-0.23,
-7.26,3.92,5.52,-0.42,0.82,0.94,
-7.20,3.90,5.49,-0.89,5.01,1.47,
-7.15,3.87,5.51,-1.78,6.86,2.00,
-7.18,3.85,5.56,-1.10,3.57,2.72,
-7.13,3.84,5.51,-1.25,2.10,1.91,
-7.14,3.81,5.57,-0.42,0.59,1.73,
-7.19,3.85,5.50,-0.08,-3.10,0.94,
-7.21,3.83,5.53,0.17,0.89,0.98,
-7.18,3.76,5.52,0.58,1.34,1.42,
-7.13,3.81,5.50,-0.52,2.41,0.63,
-7.19,3.78,5.48,-0.73,6.15,0.24,
-7.44,4.13,5.46,0.68,-0.36,2.53,
-7.40,3.85,5.41,-6.19,5.31,5.57,
-7.16,3.91,5.65,-5.46,9.97,5.91,
-7.04,3.84,5.63,0.08,3.69,5.22,
-7.31,3.48,5.51,2.30,-0.90,4.21,
-7.35,3.35,5.63,2.17,1.33,1.96,
-7.34,3.49,5.40,2.69,6.46,0.34,
-7.12,3.52,5.51,3.00,6.47,-2.18,
-7.17,3.46,5.42,3.05,-35.40,-8.07,
-7.68,3.66,5.32,-4.45,6.06,-4.85,
-7.81,3.56,5.28,-1.90,11.84,-0.07,
-7.45,3.81,5.05,-0.76,0.44,0.11,
-8.55,3.60,4.59,-0.24,-27.21,1.35,
-7.83,3.67,4.90,1.64,-39.41,4.17,
-7.54,3.62,4.83,-1.48,4.90,4.00,
-7.82,3.41,4.90,0.35,-12.01,-0.35,
-7.93,3.58,4.89,0.38,-14.27,-1.85,
-7.86,3.67,4.91,0.57,-0.97,-0.74,
-7.71,3.74,4.87,-0.24,3.18,-0.67,
-7.50,3.83,4.72,-0.46,6.52,-2.13,
-7.36,3.74,4.63,-5.36,10.36,-7.97,
-7.84,4.10,4.97,-7.00,4.54,-8.28,
-7.76,4.20,5.05,-4.68,3.80,-3.57,
-7.42,4.19,4.99,-2.62,-0.50,-2.43,
-7.45,4.27,5.01,-2.06,2.03,-0.10,
-7.37,4.33,4.90,-0.41,-2.35,-0.14,
-7.43,4.26,4.87,0.78,-3.79,-0.86,
-7.52,4.30,4.92,0.87,0.12,1.05,
-7.35,4.26,4.85,2.50,-0.20,1.67,
-7.30,4.21,4.81,0.76,0.77,0.55,
-7.27,4.41,4.72,-0.83,5.68,0.90,
-7.36,4.25,4.78,0.32,-4.21,-1.11,
-7.42,4.34,4.76,-0.29,-3.26,-1.37,
-7.38,4.33,4.85,0.62,-0.12,-0.60,
-7.48,4.25,4.81,0.66,0.08,0.00,
-7.52,4.30,4.77,1.95,-2.02,1.59,
-7.39,4.28,4.74,1.23,-3.33,1.10,
-7.38,4.30,4.78,0.93,1.00,0.80,
-7.43,4.27,4.71,0.89,-0.72,-0.74,
-7.58,4.29,4.89,0.35,-3.84,-1.32,
-7.57,4.33,4.94,1.75,-0.41,0.94,
-7.47,4.23,4.87,1.11,-0.53,1.39,
-7.33,4.29,4.78,-0.44,1.49,0.85,
-7.39,4.32,4.87,-0.60,-1.15,-0.83,
-7.48,4.31,4.87,-0.06,0.38,-0.91,
-7.49,4.30,4.80,-0.15,1.44,0.10,
-7.40,4.33,4.80,-0.72,0.65,0.25,
-7.21,4.32,4.91,-0.20,1.64,-0.12,
-7.19,4.38,4.95,-0.67,5.05,-1.20,
-7.21,4.36,4.91,-1.42,1.43,-3.11,
-7.35,4.46,5.00,-1.86,-0.15,-3.39,
-7.23,4.46,4.92,-0.54,3.24,-2.40,
-7.16,4.48,4.91,-0.50,0.88,-2.94,
-7.31,4.62,4.92,0.22,-1.03,-1.84,
-7.28,4.57,4.92,1.83,-0.91,0.03,
-7.26,4.55,4.90,1.01,1.55,1.50,
-7.18,4.54,4.89,1.44,1.84,1.94,
-7.21,4.52,4.86,1.24,-1.25,1.56,
-7.36,4.53,4.96,1.20,-1.05,1.46,
-7.17,4.47,4.91,2.02,1.78,2.96,
-7.18,4.43,5.04,-0.16,2.09,1.35,
-7.37,4.45,4.94,0.91,-2.37,1.06,
-7.24,4.38,4.88,1.39,-2.78,1.20,
-7.32,4.37,4.89,0.01,0.66,0.18,
-7.30,4.43,4.93,0.67,2.73,0.89,
-7.30,4.37,4.89,0.68,3.33,1.34,
-7.21,4.38,4.88,-0.11,1.76,0.61,
-7.27,4.34,4.98,-1.01,-4.57,-1.49,
-7.35,4.50,5.09,1.21,-3.47,-0.69,
-7.40,4.39,4.97,2.67,-2.00,1.76,
-7.28,4.38,4.89,1.79,-1.38,2.49,
-7.19,4.33,4.76,1.03,-1.77,1.64,
-7.33,4.36,4.90,0.21,-0.95,-0.50,
-7.40,4.29,4.97,0.14,0.61,0.10,
-7.39,4.33,4.99,-0.46,3.75,1.29,
-7.31,4.34,4.96,0.60,2.78,1.26,
-7.26,4.29,4.93,1.85,3.33,1.23,
-7.39,4.28,4.83,1.83,-3.15,0.43,
-7.50,4.25,4.93,1.37,-1.24,0.97,
-7.47,4.42,5.07,1.74,0.55,2.27,
-7.41,4.08,4.96,4.43,0.68,2.40,
-7.30,4.06,4.94,3.02,0.67,1.81,
-7.37,4.12,4.98,1.02,-0.26,0.38,
-7.41,4.12,5.15,0.51,-0.09,0.29,
-7.32,4.01,5.03,2.43,-1.24,-0.88,
-7.29,4.02,4.94,0.24,2.78,-1.39,
-7.39,4.12,5.01,-1.00,3.74,-1.08,
-7.35,4.14,5.03,0.38,4.82,0.48,
-7.34,4.10,4.95,1.42,-0.98,0.49,
-7.28,4.06,5.01,-0.23,-0.72,-0.17,
-7.41,4.12,5.11,-1.09,-2.39,-1.30,
-7.62,4.10,5.00,1.48,-5.32,2.17,
-7.39,4.07,4.92,1.44,-3.39,3.61,
-7.34,4.03,4.75,0.72,-0.72,0.76,
-7.39,4.08,4.89,-1.55,-1.07,-3.21,
-7.56,4.10,4.90,-0.79,5.24,-2.41,
-7.59,4.17,4.87,-0.43,6.03,0.49,
-7.48,4.12,4.92,0.36,2.12,1.53,
-7.45,4.08,4.92,0.28,1.06,1.31,
-7.41,4.13,4.88,-0.67,0.17,0.51,
-7.49,4.14,4.91,-0.86,-2.14,-0.53,
-7.53,4.13,4.89,-0.67,-0.72,0.11,
-7.53,4.10,4.88,-0.73,0.28,0.55,
-7.53,4.11,4.95,0.27,0.20,1.21,
-7.62,4.12,4.88,1.32,-2.98,1.19,
-7.45,4.07,4.77,0.74,4.05,2.22,
-7.46,4.06,4.82,0.14,3.03,1.38,
-7.53,4.04,4.87,0.47,-0.74,0.77,
-7.61,4.04,4.81,0.79,-1.30,1.44,
-7.56,3.96,4.75,0.44,-0.88,1.01,
-7.75,3.85,4.85,-0.26,3.48,-0.66,
-7.56,4.01,5.07,-0.05,-3.37,-0.40,
-7.54,4.12,5.04,-1.15,-1.54,-0.73,
-7.48,4.10,5.13,-0.64,1.15,0.40,
-7.43,4.15,5.16,0.14,6.31,2.93,
-7.65,3.87,5.18,1.50,0.68,3.95,
-7.77,3.95,5.42,6.34,-6.89,9.35,
-7.09,3.78,5.21,9.37,-9.01,9.73,
-7.21,3.55,4.98,3.47,-0.56,3.29,
-7.41,3.63,5.01,1.20,-0.95,-1.64,
-7.74,3.58,4.97,-0.69,2.97,-1.21,
-7.61,3.63,5.12,-1.32,7.63,0.88,
-7.44,3.58,5.12,-0.31,6.81,0.59,
-7.57,3.64,5.04,0.32,-4.91,-1.63,
-7.66,3.65,5.16,0.99,-6.02,-2.04,
-7.66,3.74,5.16,0.66,1.41,-1.37,
-7.51,3.68,5.14,0.17,4.26,-0.51,
-7.45,3.69,5.13,-0.67,2.40,-0.62,
-7.50,3.67,5.17,0.25,-0.74,-0.25,
-7.54,3.69,5.18,0.31,-0.58,1.01,
-7.46,3.74,5.18,1.16,-0.15,1.35,
-7.54,3.65,5.20,1.08,-1.02,0.93,
-7.41,3.71,5.22,-0.02,2.09,1.04,
-7.38,3.71,5.19,-0.43,3.48,0.16,
-7.48,3.72,5.19,-0.50,1.11,-0.30,
-7.49,3.66,5.18,-1.61,1.31,-0.04,
-7.50,3.78,5.25,-2.07,-0.23,0.35,
-7.48,3.77,5.29,-0.86,2.15,1.82,
-7.49,3.70,5.21,0.38,0.12,2.09,
-7.37,3.69,5.17,0.35,-1.20,0.81,
-7.53,3.66,5.18,0.36,-2.79,-0.38,
-7.52,3.69,5.22,-2.16,2.36,0.10,
-7.50,3.71,5.24,-0.84,1.44,0.90,
-7.40,3.74,5.17,-0.46,1.50,0.82,
-7.34,3.73,5.18,-0.30,0.97,0.19,
-7.37,3.73,5.22,-0.84,2.96,0.23,
-7.43,3.79,5.25,-0.65,0.99,0.17,
-7.44,3.77,5.26,0.25,0.30,0.62,
-7.44,3.82,5.15,0.46,-0.79,0.84,
-7.46,3.75,5.18,-0.92,0.04,0.30,
-7.43,3.79,5.26,-1.42,3.01,0.39,
-7.43,3.81,5.31,-0.30,-0.14,0.79,
-7.43,3.74,5.30,0.94,-1.13,1.44,
-7.42,3.72,5.26,0.59,-0.54,1.08,
-7.42,3.73,5.29,0.31,0.96,0.40,
-7.48,3.73,5.22,0.57,-1.47,0.52,
-7.44,3.70,5.24,0.29,1.06,0.92,
-7.39,3.73,5.31,-1.63,5.14,1.08,
-7.47,3.74,5.26,-0.31,-0.04,0.67,
-7.46,3.74,5.28,0.01,-0.91,0.67,
-7.44,3.71,5.20,-0.18,0.00,0.48,
-7.39,3.73,5.27,-0.24,1.83,0.88,
-7.42,3.73,5.22,0.03,0.01,0.00,
-7.47,3.75,5.23,-0.29,-0.05,-0.32,
-7.46,3.74,5.23,-0.65,0.98,0.36,
-7.48,3.73,5.24,-0.43,-1.92,0.50,
-7.41,3.79,5.29,-0.33,0.06,0.55,
-7.47,3.77,5.26,0.63,0.61,1.13,
-7.60,3.68,5.13,0.16,-3.42,1.93,
-7.44,3.75,5.23,-0.72,-0.64,3.10,
-7.45,3.67,5.23,1.41,-1.70,4.47,
-7.31,3.61,5.18,1.23,-0.16,0.04,
-7.21,3.61,5.15,0.11,-1.61,-3.99,
-7.28,3.68,5.22,0.94,-3.88,-9.69,
-7.40,3.93,5.11,-0.23,0.67,-9.44,
-7.48,4.06,5.05,-2.37,2.56,-8.65,
-7.62,4.20,5.19,-1.72,-3.46,-5.40,
-7.52,4.25,5.27,0.01,-1.48,-0.68,
-7.36,4.20,5.14,1.00,1.98,1.37,
-7.16,4.19,5.12,0.15,1.64,1.50,
-7.31,4.22,5.17,-0.23,2.01,0.44,
-7.28,4.24,5.22,1.91,1.80,1.98,
-7.26,4.02,5.09,1.73,-0.25,2.07,
-7.32,4.08,5.05,0.50,-1.44,1.76,
-7.38,4.11,5.12,0.53,-2.39,1.95,
-7.49,4.00,5.12,2.04,-3.54,3.46,
-7.38,3.97,5.15,1.91,-1.37,4.40,
-7.51,3.93,5.12,2.75,-2.20,4.91,
-7.37,3.78,5.00,3.17,-2.31,4.03,
-7.27,3.74,5.12,0.37,-7.85,0.01,
-7.50,3.86,5.12,-2.24,-1.47,-0.67,
-7.74,3.83,5.15,-2.32,-0.24,0.96,
-7.51,3.83,5.13,-1.89,3.46,2.86,
-7.39,3.78,5.09,-2.25,3.95,1.51,
-7.42,3.81,5.08,-0.73,-0.74,0.01,
-7.56,3.83,4.98,-0.20,-1.84,-0.55,
-7.65,3.85,4.98,0.31,0.67,0.51,
-7.68,3.82,5.04,1.21,-3.15,1.43,
-7.58,3.80,4.95,1.26,-1.41,2.89,
-7.52,3.76,4.90,0.74,0.37,1.94,
-7.67,3.71,4.88,1.01,-3.34,0.69,
-7.73,3.73,4.83,1.79,-7.11,0.38,
-7.69,3.78,4.84,0.39,-2.25,0.52,
-7.64,3.73,4.80,0.30,1.29,-0.83,
-7.79,3.77,4.76,0.13,2.55,-1.16,
-7.84,3.69,4.76,1.74,-6.86,-1.62,
-7.81,3.82,4.80,0.66,-3.99,-0.75,
-7.75,3.77,4.79,-0.17,3.14,0.08,
-7.72,3.72,4.75,-0.27,2.62,-0.45,
-7.70,3.82,4.74,-1.30,5.10,-0.47,
-7.77,3.92,4.87,-1.28,1.81,-0.06,
-7.79,3.81,4.84,1.03,-1.03,1.37,
-7.66,3.82,4.77,0.28,-0.69,1.33,
-7.56,3.79,4.83,0.07,0.58,-0.81,
-7.69,3.83,4.75,1.50,-2.32,-2.71,
-7.74,3.87,4.63,0.23,-5.16,-3.78,
-7.74,3.93,4.77,-3.86,-13.61,-5.58,
-7.70,4.12,4.69,-1.18,-7.01,-5.45,
-7.69,4.21,4.47,-0.44,0.13,-4.87,
-7.54,4.37,4.55,-3.68,7.38,-4.02,
-7.73,4.41,4.65,-3.95,8.12,-2.56,
-7.39,4.46,4.63,-3.29,2.88,-1.58,
-7.43,4.52,4.67,-4.20,-2.10,-2.97,
-7.52,4.70,4.74,-2.72,-4.41,-2.90,
-7.56,4.67,4.71,0.40,-2.60,0.42,
-7.44,4.59,4.63,1.18,-3.52,1.72,
-7.42,4.52,4.56,1.09,-1.15,1.52,
-7.47,4.52,4.50,1.01,-1.53,1.15,
-7.47,4.52,4.47,0.39,-0.20,0.77,
-7.54,4.55,4.50,0.97,-1.47,0.86,
-7.56,4.51,4.60,1.15,-0.71,1.35,
-7.57,4.51,4.59,1.53,-2.13,2.24,
-7.42,4.47,4.54,1.50,-1.94,1.42,
-7.41,4.42,4.50,-0.23,4.36,-0.49,
-7.60,4.43,4.60,-0.37,-0.67,-0.85,
-7.61,4.50,4.58,0.76,-1.89,0.80,
-7.43,4.45,4.57,0.40,2.02,1.46,
-7.40,4.44,4.56,-0.09,2.61,0.31,
-7.58,4.47,4.59,0.10,0.52,-0.49,
-7.56,4.48,4.59,1.46,-0.58,0.13,
-7.63,4.38,4.52,1.32,-1.14,1.12,
-7.50,4.48,4.53,0.03,2.78,1.89,
-7.42,4.37,4.49,-0.46,4.70,1.50,
-7.37,4.35,4.54,-1.93,5.96,0.48,
-7.48,4.52,4.60,-1.78,2.89,-0.27,
-7.54,4.30,4.68,-0.08,1.41,0.52,
-7.55,4.51,4.63,-1.17,0.58,1.86,
-7.37,4.43,4.66,0.17,0.17,2.47,
-7.55,4.39,4.52,1.07,2.19,2.85,
-7.66,4.32,4.45,0.29,0.88,3.22,
-7.61,4.23,4.57,-2.12,-0.79,5.28,
-7.61,4.11,4.54,-0.72,-4.98,3.61,
-7.65,4.14,4.62,-0.42,-2.16,1.92,
-7.69,4.11,4.51,1.41,-4.51,0.32,
-7.65,4.19,4.44,3.39,-4.47,-1.06,
-7.66,4.31,4.44,2.95,0.38,-0.98,
-7.74,4.23,4.31,2.41,1.59,-0.29,
-7.73,4.10,4.41,-1.12,-0.20,0.08,
-7.66,4.30,4.55,-0.64,-3.65,-1.33,
-7.91,4.20,4.47,0.38,-5.53,-1.50,
-7.84,4.26,4.30,0.12,1.40,-0.11,
-7.75,4.19,4.45,-3.28,3.74,0.74,
-7.66,4.32,4.48,-1.86,1.32,0.56,
-7.55,4.35,4.50,0.46,3.00,0.52,
-7.64,4.29,4.38,3.07,1.87,0.24,
-7.77,4.17,4.29,2.85,-1.50,0.49,