-4.02,-8.93,1.69,-2.13,-3.12,-0.67,
-3.86,-9.14,1.52,-1.04,-1.82,-0.42,
-4.01,-9.04,1.70,-1.51,-1.68,0.86,
-3.77,-8.92,1.42,2.85,1.17,-2.48,
-3.94,-8.98,1.76,-0.55,2.41,-4.75,
-4.12,-9.02,1.82,-0.51,5.47,-3.11,
-4.29,-8.79,1.94,1.71,4.88,-1.22,
-4.32,-8.96,1.21,5.53,3.35,-1.09,
-4.12,-8.88,1.61,0.42,2.27,2.05,
-4.15,-9.10,1.53,-8.94,14.52,-0.78,
-3.88,-8.90,2.05,-6.43,18.42,-1.44,
-4.20,-8.82,1.96,5.49,6.51,1.36,
-4.11,-8.78,1.74,4.18,-0.99,-1.42,
-4.15,-8.92,1.66,-3.41,4.59,-3.82,
-4.19,-8.94,1.41,1.60,-3.88,-6.26,
-4.39,-8.73,1.73,-1.36,-0.40,-7.75,
-4.41,-8.42,1.76,2.73,-2.12,-2.84,
-4.34,-9.00,1.73,2.87,-2.84,2.92,
-4.46,-9.23,1.33,1.55,-10.23,7.72,
-4.22,-8.81,1.09,2.28,-8.56,4.35,
-3.99,-8.92,1.10,-3.68,-13.23,9.18,
-3.77,-9.28,1.14,-7.24,-18.09,12.06,
-3.47,-9.22,1.51,-4.98,-1.16,10.74,
-3.42,-9.10,1.16,0.11,-2.45,10.66,
-3.34,-9.41,1.28,0.22,4.16,12.45,
-3.13,-9.39,1.31,1.75,2.73,14.11,
-3.05,-9.30,1.37,1.80,7.47,6.41,
-2.96,-9.47,1.27,3.70,4.10,10.32,
-2.95,-9.53,1.33,-0.74,-1.26,3.07,
-2.91,-9.48,1.23,-3.61,-2.76,-1.52,
-2.85,-9.32,1.30,0.12,-3.39,2.76,
-2.81,-9.41,1.40,-1.10,-0.64,-0.94,
-2.92,-9.43,1.34,1.58,1.10,-1.96,
-2.86,-9.39,1.42,2.00,2.95,-1.37,
-3.02,-9.41,1.19,1.67,1.77,3.07,
-3.02,-9.41,1.21,-0.94,-1.81,4.08,
-3.06,-9.29,1.21,-1.34,-4.56,2.33,
-2.90,-9.30,1.28,-5.43,-4.36,1.66,
-2.80,-9.16,1.52,-5.17,0.95,8.30,
-2.35,-9.68,1.55,5.31,6.45,5.14,
-2.51,-9.79,1.57,0.04,-9.49,-1.93,
-2.50,-9.35,1.39,-0.94,-0.11,-0.55,
-2.46,-9.44,1.43,1.13,3.13,3.76,
-2.57,-9.64,1.56,1.75,6.20,-0.39,
-2.76,-9.63,1.43,5.20,2.97,-4.11,
-2.79,-9.46,1.26,0.14,3.68,6.73,
-2.48,-9.38,1.22,4.19,4.55,9.54,
-2.58,-9.43,1.24,5.69,3.41,-1.73,
-2.65,-9.31,1.21,3.04,2.00,-5.89,
-2.58,-9.57,1.12,13.71,2.97,-11.88,
-2.61,-9.51,1.01,6.35,9.14,-9.36,
-2.94,-9.43,0.93,-0.38,13.34,-8.63,
-3.26,-9.36,0.97,-1.10,10.95,-5.21,
-3.42,-9.31,0.95,3.39,8.35,1.23,
-3.27,-9.34,0.93,4.50,3.98,2.99,
-3.11,-9.35,0.88,5.44,6.55,-0.73,
-2.98,-9.47,1.03,-0.44,5.94,-1.79,
-3.27,-9.47,0.87,-1.19,1.52,1.68,
-3.28,-9.34,0.86,3.80,3.30,-0.11,
-3.20,-9.45,0.92,5.89,7.28,-2.40,
-3.28,-9.41,0.43,5.31,-12.45,-2.44,
-3.18,-9.17,0.42,1.61,-4.03,3.41,
-2.99,-9.27,0.64,-5.78,-4.10,6.88,
-3.10,-9.75,0.87,-3.93,-9.56,1.84,
-2.98,-9.42,0.91,-3.22,-8.56,-2.31,
-3.08,-9.25,0.78,-0.30,0.51,-4.41,
-3.16,-9.56,0.68,0.45,-3.45,4.17,
-2.91,-9.42,0.73,-1.04,-2.72,5.83,
-2.92,-9.49,0.73,-1.19,-4.49,6.34,
-2.88,-9.50,0.82,1.85,2.43,-0.24,
-2.92,-9.46,0.64,3.05,4.05,-1.34,
-2.97,-9.39,0.71,1.26,4.16,-1.15,
-3.01,-9.45,0.74,1.47,4.53,1.98,
-2.94,-9.45,0.65,2.58,7.57,1.72,
-2.93,-9.53,0.64,0.13,6.41,1.49,
-2.98,-9.50,0.69,0.77,5.23,-0.73,
-2.95,-9.40,0.65,1.69,-1.33,1.70,
-2.98,-9.50,0.66,1.12,-3.87,1.62,
-2.83,-9.50,0.68,1.51,-1.41,0.19,
-2.92,-9.46,0.65,-0.14,-2.66,1.31,
-3.15,-9.40,0.46,0.38,-5.21,0.81,
-3.10,-9.39,0.58,-1.10,-3.72,-2.35,
-2.86,-9.62,0.58,-5.39,-5.43,2.83,
-2.78,-9.51,0.68,-4.21,-11.27,5.47,
-2.62,-9.51,0.76,-1.42,-1.68,0.61,
-2.68,-9.54,0.67,-0.75,-3.16,0.69,
-2.78,-9.53,0.65,-1.16,-1.00,-1.16,
-2.75,-9.53,0.64,-1.01,-2.29,3.46,
-2.78,-9.56,0.79,-1.46,2.26,0.54,
-2.75,-9.54,0.73,1.29,0.59,0.66,
-2.83,-9.59,0.66,0.89,1.37,-1.02,
-2.82,-9.43,0.69,-2.79,-0.91,0.73,
-2.90,-9.50,0.81,-4.69,-3.58,0.62,
-2.91,-9.56,0.86,-2.73,-4.56,1.27,
-2.82,-9.44,0.75,-4.81,-7.66,4.32,
-2.74,-9.55,1.15,-6.26,-7.76,0.60,
-2.63,-9.58,1.11,-5.51,-9.42,0.37,
-2.62,-9.52,1.23,-2.07,-2.78,3.52,
-2.57,-9.51,1.07,1.27,-2.19,2.71,
-2.50,-9.51,1.07,1.18,0.26,1.37,
-2.67,-9.47,1.08,0.81,1.32,-1.51,
-2.80,-9.52,1.10,0.04,1.55,-2.92,
-2.80,-9.49,0.95,1.87,-0.28,-0.16,
-2.81,-9.38,1.09,2.56,2.41,-0.83,
-2.84,-9.46,0.93,2.79,0.25,1.28,
-2.84,-9.56,1.04,1.26,0.80,3.61,
-2.77,-9.45,0.88,-0.16,0.48,-0.54,
-2.75,-9.30,0.90,1.06,3.95,0.69,
-2.69,-9.44,0.90,0.17,-0.42,2.33,
-2.79,-9.65,0.99,0.04,3.53,-2.87,
-2.77,-9.45,1.01,-0.59,2.62,0.05,
-2.54,-9.54,1.10,1.62,4.15,2.95,
-2.66,-9.66,1.11,3.63,12.11,-1.78,
-2.86,-9.38,1.00,-1.16,9.20,-0.82,
-2.88,-9.48,0.90,1.40,4.44,-3.74,
-2.72,-9.49,0.96,-0.38,8.59,-11.73,
-2.87,-9.39,1.03,0.23,9.90,-1.03,
-2.97,-9.53,1.19,2.35,7.41,6.64,
-2.86,-9.44,1.28,3.22,13.27,-4.12,
-2.90,-9.27,1.02,5.21,12.78,-7.56,
-3.07,-9.56,1.06,6.36,4.38,-2.22,
-3.05,-9.54,1.03,0.66,7.87,1.90,
-3.13,-9.37,1.08,-3.62,4.80,-4.36,
-3.11,-9.32,1.22,0.64,0.20,-0.05,
-3.11,-9.49,1.17,2.35,3.24,-3.42,
-3.02,-9.40,1.10,-0.72,0.54,2.80,
-3.06,-9.35,1.04,0.11,1.57,-0.64,
-3.15,-9.38,1.22,-2.20,1.30,-2.78,
-3.21,-9.37,1.30,-3.33,-0.88,-0.37,
-3.13,-9.22,1.26,-1.51,0.72,-0.37,
-3.15,-9.12,1.35,-3.34,2.62,-2.39,
-3.31,-9.23,1.35,-10.18,11.63,-6.43,
-3.32,-9.47,1.64,-7.39,-4.83,10.05,
-3.04,-9.58,1.96,-18.75,3.23,-2.07,
-3.06,-8.95,2.40,-4.07,2.26,14.29,
-2.62,-9.49,2.01,11.14,0.34,16.69,
-2.49,-9.63,1.80,6.65,2.59,3.75,
-2.48,-9.41,1.79,-1.44,-0.13,-0.18,
-2.63,-9.35,1.73,-1.51,-0.20,-1.91,
-2.68,-9.44,1.77,-0.53,-1.97,1.05,
-2.60,-9.44,1.92,-1.03,-1.10,4.99,
-2.43,-9.32,1.90,-1.80,-0.54,4.25,
-2.42,-9.52,1.94,0.11,-0.87,-0.25,
-2.41,-9.46,1.95,-1.78,-0.80,1.92,
-2.38,-9.42,1.92,0.64,1.36,2.21,
-2.30,-9.42,1.86,0.04,3.81,-2.07,
-2.32,-9.42,1.89,-0.46,-1.83,-0.80,
-2.55,-9.38,1.72,5.58,2.45,-8.37,
-2.69,-9.50,1.82,7.32,2.43,-3.87,
-2.63,-9.39,1.63,7.16,1.25,-4.58,
-2.78,-9.39,1.42,5.96,1.52,1.21,
-2.77,-9.42,1.37,-0.58,0.21,1.48,
-2.76,-9.45,1.52,-0.83,-0.66,-0.02,
-2.75,-9.35,1.47,-0.46,-1.23,2.68,
-2.77,-9.40,1.46,0.25,-0.61,1.78,
-2.69,-9.45,1.47,1.48,-1.78,2.12,
-2.63,-9.47,1.49,0.38,1.06,-1.50,
-2.66,-9.50,1.54,0.97,-0.01,-0.84,
-2.67,-9.41,1.52,2.16,1.31,-6.32,
-2.76,-9.81,1.70,18.51,5.24,-17.94,
-3.24,-9.49,0.99,17.40,4.35,-13.17,
-3.30,-9.04,0.53,1.42,5.04,-2.08,
-3.47,-9.02,0.82,-7.13,5.85,-4.68,
-3.64,-9.17,1.00,-5.72,6.83,-2.41,
-3.50,-9.33,1.09,1.37,4.01,5.37,
-3.42,-9.39,1.07,0.82,3.75,4.09,
-3.31,-9.37,1.03,-0.67,1.48,2.08,
-3.29,-9.26,1.05,-1.10,-0.94,2.32,
-3.23,-9.35,1.05,-1.05,0.99,1.12,
-3.22,-9.39,1.13,-4.33,-0.20,3.04,
-3.19,-9.37,1.26,-9.00,-2.07,14.35,
-2.90,-9.28,1.39,-11.19,-1.81,19.51,
-2.53,-9.55,1.54,-4.70,-0.21,15.90,
-2.22,-9.54,1.67,0.92,-1.11,16.13,
-1.93,-9.51,1.53,4.43,-3.99,9.85,
-1.86,-9.66,1.50,2.10,-1.68,3.09,
-1.91,-9.64,1.47,0.35,-1.22,-0.92,
-1.94,-9.60,1.44,0.94,-0.74,-1.95,
-1.98,-9.53,1.43,0.00,0.42,-1.43,
-2.03,-9.66,1.57,-3.19,-0.52,-1.11,
-2.11,-9.66,1.59,-1.58,-2.57,-0.16,
-2.00,-9.58,1.63,0.37,-1.32,1.15,
-1.98,-9.53,1.51,1.33,0.08,-0.36,
-2.03,-9.83,1.47,-3.12,0.46,-8.48,
-2.22,-9.59,1.48,-17.59,-14.68,-16.36,
-2.82,-9.15,2.01,-23.67,-6.68,-32.17,
-3.47,-8.82,2.61,-19.92,-4.20,-29.58,
-3.79,-8.69,2.67,-11.36,1.76,-15.42,
-4.05,-8.61,2.91,-7.42,3.05,-10.19,
-4.11,-8.54,2.93,1.10,0.77,-0.63,
-3.99,-8.55,2.81,2.85,-0.51,2.14,
-3.95,-8.70,2.72,3.14,2.00,3.00,
-3.90,-8.71,2.63,0.13,-2.42,1.75,
-3.84,-8.69,2.63,1.82,1.84,2.23,
-3.85,-8.77,2.67,-0.02,0.96,1.72,
-3.96,-8.85,2.59,-0.05,1.78,-0.40,
-3.86,-8.68,2.59,1.14,-2.31,3.14,
-3.82,-8.78,2.56,0.46,-1.28,3.23,
-3.71,-8.84,2.72,-3.71,-0.96,3.81,
-3.72,-8.84,2.62,0.84,-1.82,5.28,
-3.58,-8.92,2.54,1.71,-0.73,5.52,
-3.55,-8.87,2.65,4.78,1.40,10.09,
-3.39,-8.86,2.66,3.07,8.51,16.43,
-3.10,-8.72,2.46,10.82,18.31,23.86,
-2.65,-9.51,2.13,19.71,7.65,21.28,
-2.21,-9.71,1.91,10.96,1.23,11.23,
-2.17,-9.41,1.81,-3.86,-5.35,1.82,
-2.15,-9.33,1.93,-0.49,-0.91,2.56,
-2.18,-9.41,2.00,-0.75,-0.56,3.13,
-2.09,-9.48,1.97,-1.69,0.32,2.81,
-2.12,-9.54,1.99,-3.60,-2.51,3.68,
-2.27,-9.53,2.00,-1.54,4.80,2.96,
-1.89,-9.55,2.32,0.60,3.74,-0.13,
-1.99,-9.33,2.15,-5.88,1.37,-0.52,
-1.96,-9.45,2.30,-6.78,0.55,8.46,
-1.88,-9.37,2.42,2.48,4.72,0.94,
-1.77,-9.43,2.33,6.96,4.10,5.75,
-1.44,-9.35,2.18,2.03,6.86,15.96,
-1.25,-9.62,2.29,-5.69,-1.91,13.23,
-1.06,-9.61,2.46,-1.88,-1.87,2.68,
-1.10,-9.59,2.44,0.08,0.65,-2.39,
-1.08,-9.46,2.41,-0.41,0.14,0.24,
-1.08,-9.54,2.31,0.60,1.41,-2.27,
-1.24,-9.55,2.32,1.85,0.52,-2.76,
-1.31,-9.55,2.28,3.24,1.92,-4.07,
-1.34,-9.67,2.09,6.38,0.75,-3.61,
-1.45,-9.51,2.03,9.89,2.68,-7.32,
-1.08,-9.54,1.73,14.68,-6.01,-14.89,
-1.88,-9.74,1.61,14.06,5.38,-25.41,
-2.20,-9.47,1.45,1.25,-0.96,-6.97,
-2.34,-9.46,1.53,-8.48,-1.27,-2.78,
-2.53,-9.50,1.65,-5.36,1.01,-9.14,
-2.61,-9.36,1.73,-0.32,3.55,-8.21,
-2.72,-9.43,1.59,1.64,1.34,-0.52,
-2.69,-9.44,1.67,-0.32,2.37,-0.72,
-2.65,-9.47,1.62,-2.73,0.13,1.45,
-2.62,-9.36,1.73,-3.05,-1.41,4.27,
-2.61,-9.38,1.84,-5.44,1.96,-0.78,
-2.69,-9.44,1.94,-2.14,3.01,-0.63,
-2.59,-9.43,1.84,-4.05,0.53,6.22,
-2.57,-9.32,1.83,-1.72,2.45,7.08,
-2.39,-9.55,2.18,-1.59,2.16,3.80,
-2.23,-9.39,2.12,-2.56,-0.36,13.07,
-2.02,-9.49,2.07,-1.60,-2.77,16.73,
-1.83,-9.47,2.23,-1.57,3.15,5.09,
-1.71,-9.47,2.18,-4.96,0.11,4.66,
-1.67,-9.52,2.30,-2.71,-0.62,1.23,
-1.70,-9.46,2.31,-2.07,-0.70,3.24,
-1.67,-9.41,2.34,-1.63,1.20,1.42,
-1.65,-9.41,2.40,-0.46,1.06,0.97,
-1.62,-9.45,2.32,1.01,-0.65,0.98,
-1.54,-9.47,2.38,-0.35,2.64,-1.74,
-1.52,-9.51,2.36,0.39,4.03,-0.02,
-1.48,-9.49,2.43,1.26,7.08,0.47,
-1.37,-9.29,2.36,-1.52,9.41,0.81,
-1.64,-9.48,2.49,-1.28,10.86,-1.68,
-1.65,-9.36,2.46,0.71,6.78,-0.26,
-1.69,-9.42,2.44,1.38,7.11,-4.87,
-1.60,-9.45,2.47,-1.65,12.22,-4.51,
-1.58,-9.39,2.63,1.98,8.96,-1.36,
-1.65,-9.37,2.46,2.40,6.44,-0.43,
-1.65,-9.45,2.54,1.20,8.99,-3.83,
-1.70,-9.30,2.48,0.21,8.58,-2.35,
-1.77,-9.39,2.63,0.05,8.73,-3.59,
-1.65,-9.33,2.64,0.05,6.39,-2.37,
-1.61,-9.34,2.65,0.46,12.10,-5.58,
-1.68,-9.25,2.71,-2.67,11.63,-3.67,
-1.90,-9.39,2.77,0.23,6.83,-5.45,
-1.94,-9.36,2.56,-0.92,8.88,-1.71,
-1.98,-9.30,2.63,-1.05,6.24,-1.22,
-1.86,-9.24,2.73,-1.74,4.44,-0.78,
-1.83,-9.32,2.86,-2.26,2.95,-0.20,
-1.70,-9.27,3.07,-0.18,1.80,1.82,
-1.80,-9.29,2.94,-0.40,1.56,-0.05,
-1.77,-9.27,2.84,0.85,2.69,1.95,
-1.80,-9.27,2.64,-1.17,-1.78,3.51,
-1.48,-9.24,3.34,-2.74,-0.96,4.06,
-1.43,-9.40,3.39,-0.89,1.38,7.20,
-1.70,-9.24,3.12,1.77,-0.52,1.32,
-1.50,-9.13,2.96,5.77,-7.67,2.80,
-1.53,-9.24,2.84,0.16,-7.80,1.64,
-1.56,-9.24,3.07,0.75,-9.24,-1.48,
-1.84,-9.40,2.72,3.48,-7.58,-4.24,
-1.79,-9.37,2.73,3.98,-6.79,-1.35,
-1.79,-9.26,2.64,0.14,-5.04,1.25,
-1.79,-9.37,2.68,-2.97,-3.26,0.33,
-1.75,-9.39,2.67,0.81,-1.00,-1.05,
-1.86,-9.25,2.65,-1.77,2.72,-0.09,
-1.97,-9.38,2.57,-0.24,1.29,-0.20,
-1.91,-9.26,2.70,-1.92,-0.04,0.75,
-1.92,-9.34,2.79,-1.25,-1.81,0.50,
-1.88,-9.28,2.93,-1.09,-0.79,0.11,
-1.90,-9.35,2.90,0.11,1.08,-0.11,
-1.88,-9.31,2.70,1.23,1.15,-0.25,
-1.95,-9.24,2.79,-0.12,1.42,-0.36,
-2.04,-9.31,2.71,0.37,-0.16,-0.68,
-1.93,-9.21,2.73,-0.73,-0.36,0.84,
-2.00,-9.31,2.69,-0.99,-0.89,0.35,
-1.89,-9.24,2.93,0.16,-0.60,-0.35,
-1.99,-9.36,2.88,-0.70,0.82,-0.62,
-2.00,-9.39,2.82,1.67,-0.39,0.28,
-2.00,-9.29,2.75,0.16,-1.39,1.92,
-1.95,-9.25,2.73,0.88,-0.87,1.41,
-2.07,-9.19,2.61,1.96,-2.56,-2.35,
-2.05,-9.37,2.84,2.27,-6.23,-2.38,
-2.04,-9.28,2.69,-1.36,-4.04,0.64,
-2.11,-9.39,2.60,-1.37,-2.75,1.87,
-2.03,-9.27,2.65,-5.27,-0.71,5.16,
-2.03,-9.20,2.75,-2.53,-0.71,2.93,
-2.00,-9.24,2.74,3.02,-1.23,-2.14,
-2.07,-9.31,2.73,0.36,-1.51,-1.39,
-2.12,-9.21,2.75,-1.72,-2.30,0.00,
-1.93,-9.28,2.88,-0.74,-0.69,-1.75,
-2.13,-9.40,3.01,-0.74,0.08,-2.97,
-2.27,-9.26,2.68,3.09,2.11,0.05,
-2.08,-9.24,2.72,0.93,0.96,2.59,
-2.19,-9.28,2.69,-0.44,0.25,-0.09,
-2.19,-9.20,2.66,2.21,-0.14,-0.38,
-2.09,-9.33,2.84,0.88,-0.25,0.42,
-2.13,-9.34,2.66,-0.17,1.02,0.24,
-2.09,-9.30,2.80,-0.05,1.12,1.78,
-2.08,-9.18,2.73,0.59,-0.01,-0.38,
-2.22,-9.24,2.71,-1.09,2.14,-3.01,
-2.16,-9.37,2.55,1.01,1.57,0.12,
-2.11,-9.14,2.60,1.28,-1.14,-0.46,
-2.22,-9.28,2.71,-1.38,0.03,-1.44,
-2.24,-9.32,2.78,0.80,0.31,-0.35,
