-0.76,8.95,-4.15,-2.47,-0.56,-0.63,
-0.55,8.86,-3.89,-1.51,-0.44,-1.61,
-0.43,8.81,-3.97,0.93,-0.73,-1.03,
-0.38,8.99,-4.19,-0.09,0.44,0.47,
-0.44,8.97,-4.07,-0.97,1.48,-1.22,
-0.47,9.02,-4.05,-0.79,3.88,0.39,
-0.48,8.90,-4.12,1.25,4.87,1.31,
-0.55,8.90,-4.02,-0.67,1.75,-3.39,
-0.52,9.03,-4.09,0.20,2.16,-2.97,
-0.62,9.02,-3.93,-2.59,-1.90,-1.01,
-0.40,8.90,-4.25,-3.41,-1.53,-2.12,
-0.13,8.85,-4.33,2.36,2.19,-0.73,
-0.19,8.84,-4.19,3.29,1.09,-3.77,
-0.17,8.97,-4.16,0.79,2.70,-5.06,
-0.23,8.84,-3.95,3.49,2.11,-5.14,
-0.13,8.86,-3.87,1.34,2.90,-6.73,
-0.19,8.97,-3.94,3.12,6.75,-0.60,
-0.03,9.08,-3.89,1.47,4.62,-1.00,
-0.02,8.98,-3.96,-0.24,7.25,1.61,
-0.04,8.95,-3.85,-1.34,3.64,-7.28,
0.16,9.10,-3.78,3.98,-3.63,-13.48,
0.34,8.97,-3.72,3.95,-1.75,-12.85,
0.50,9.07,-3.68,5.56,-6.31,-7.44,
0.60,9.24,-3.61,5.92,-1.92,-1.44,
0.61,9.15,-3.48,6.27,-2.34,-1.86,
0.68,9.04,-3.46,1.48,5.10,-0.30,
0.59,9.16,-3.27,-1.63,6.35,-1.16,
0.71,9.18,-3.67,2.71,-1.86,-1.74,
0.38,9.08,-3.50,0.38,12.15,6.13,
0.28,9.18,-3.43,-7.32,17.80,13.80,
0.32,9.28,-3.69,-5.46,12.52,11.79,
0.42,8.81,-3.80,-6.47,7.19,-6.41,
-0.55,9.16,-4.27,-30.39,23.36,0.26,
-0.02,8.59,-4.58,-8.77,23.37,-7.04,
0.78,8.34,-4.21,5.14,15.25,-11.85,
-0.60,8.42,-3.50,12.37,-3.67,4.58,
0.20,8.47,-4.77,-1.30,37.60,6.92,
-0.69,8.10,-4.38,0.10,-2.25,13.17,
-0.67,8.58,-4.46,5.04,-2.09,-1.62,
-0.46,8.68,-5.11,8.18,-20.41,-26.65,
0.49,8.67,-4.46,2.09,-7.93,-33.50,
0.35,8.77,-4.14,7.09,-9.07,-34.77,
1.05,9.36,-4.49,19.76,-22.09,-45.53,
1.43,8.77,-3.57,13.82,-4.95,-8.98,
1.31,8.98,-3.76,40.83,-12.03,-13.02,
1.88,8.65,-2.54,24.65,-13.46,4.83,
1.78,9.23,-2.65,6.07,-3.37,-0.84,
1.98,9.30,-2.81,1.96,-6.78,1.31,
1.67,9.03,-2.52,-2.98,-2.84,5.92,
1.82,9.25,-2.45,-6.08,4.32,8.52,
1.74,9.24,-2.56,-7.73,5.94,6.94,
1.82,9.22,-2.70,-10.61,11.06,6.20,
1.46,9.34,-2.99,-8.08,11.97,9.11,
1.41,9.23,-3.11,-5.16,4.72,13.09,
1.07,9.11,-3.13,-3.60,2.22,7.97,
1.08,9.08,-3.08,-0.88,0.78,4.76,
1.00,9.22,-3.21,1.10,0.64,2.42,
0.86,9.18,-3.18,0.33,0.67,2.65,
0.82,9.21,-3.19,-1.17,1.77,2.14,
0.74,9.18,-3.22,0.17,1.63,2.49,
0.82,9.15,-3.16,0.36,1.81,2.14,
0.85,9.15,-3.13,0.05,1.99,1.59,
0.80,9.23,-3.13,0.38,1.00,0.93,
0.65,9.28,-3.16,0.13,-3.23,2.74,
0.73,9.24,-3.25,0.97,-0.09,0.10,
0.58,9.22,-3.18,-0.14,0.31,0.18,
0.70,9.22,-3.05,-0.55,1.44,1.23,
0.74,9.22,-3.08,1.56,2.20,0.19,
0.74,9.19,-3.23,1.24,0.12,-0.21,
0.89,9.21,-3.07,-0.80,1.51,-0.86,
0.71,9.27,-3.18,0.29,1.49,-0.24,
0.77,9.28,-3.19,0.43,0.74,-0.17,
0.72,9.21,-3.06,-1.54,0.51,-0.87,
0.84,9.27,-3.02,0.23,-0.81,-0.60,
0.77,9.22,-3.15,-0.16,-0.90,0.52,
0.87,9.29,-3.17,-0.17,-0.46,-0.38,
0.87,9.20,-3.18,1.92,-2.50,-1.63,
0.91,9.23,-3.09,1.29,-7.72,-3.71,
0.98,9.21,-3.09,2.48,-3.90,-1.07,
1.16,9.15,-2.81,6.97,-5.47,-1.75,
1.16,9.67,-3.23,-1.36,-9.64,-14.60,
1.33,9.41,-3.12,-3.59,0.20,-2.45,
1.44,9.35,-3.03,-3.20,-2.72,2.36,
1.48,9.03,-3.13,-5.47,1.65,3.47,
1.32,9.00,-3.02,-5.28,2.82,0.28,
1.37,9.16,-3.21,-0.97,-4.90,-1.60,
1.37,9.55,-3.64,-3.82,1.58,3.02,
1.12,8.93,-3.12,-8.81,5.36,7.64,
1.27,9.14,-3.39,-6.34,-0.15,6.19,
1.15,9.05,-3.59,-3.33,1.41,5.45,
1.08,9.18,-3.71,-6.42,3.09,4.53,
0.93,9.06,-3.79,-9.31,4.32,3.96,
0.87,9.14,-3.69,-4.69,3.23,3.57,
0.80,8.96,-4.02,-3.00,6.20,5.76,
0.84,8.93,-3.94,-3.12,6.05,5.67,
0.75,8.95,-3.82,8.07,6.05,3.26,
0.37,8.97,-3.75,14.26,-2.77,3.12,
0.22,8.85,-3.39,4.58,4.46,2.90,
0.27,9.04,-3.56,-4.38,10.56,0.31,
0.15,8.87,-3.57,-4.62,12.06,-0.21,
0.09,9.02,-3.60,-4.60,10.32,0.74,
-0.01,8.96,-3.79,-2.74,6.68,3.46,
-0.21,9.02,-3.70,-1.41,5.22,3.81,
-0.02,8.93,-4.01,-1.77,-4.40,1.29,
0.35,8.94,-3.89,5.78,-6.99,0.22,
0.37,8.79,-3.59,6.54,1.51,-2.27,
0.05,9.29,-3.38,5.07,-5.45,-3.91,
0.44,9.12,-3.60,6.87,-5.49,-1.23,
0.71,9.44,-3.61,5.31,-1.09,-0.95,
0.55,9.37,-3.35,2.28,4.26,2.20,
0.38,9.18,-3.20,-1.46,2.13,2.12,
0.53,9.33,-3.46,-0.64,1.95,0.42,
0.28,9.17,-3.34,1.03,2.90,0.88,
0.43,9.18,-3.38,-0.76,1.30,-0.01,
0.42,9.04,-3.36,-4.43,2.16,-1.12,
0.40,9.03,-3.45,-0.98,0.24,-2.34,
0.34,9.13,-3.63,1.04,-0.57,-1.46,
0.50,9.02,-3.49,-1.10,-0.88,-1.76,
0.54,9.16,-3.44,2.15,0.73,-0.25,
0.61,8.99,-3.32,4.28,4.02,-0.61,
0.69,9.12,-3.31,4.74,8.52,-1.11,
0.64,9.24,-3.25,3.33,10.42,-5.23,
0.41,9.31,-3.18,-1.47,12.72,-4.05,
0.49,8.89,-2.89,0.52,11.50,-1.07,
0.40,9.34,-3.24,5.77,7.64,-2.62,
0.48,9.30,-3.39,3.45,5.43,-3.43,
0.15,9.14,-2.95,-1.29,6.34,-2.24,
0.30,9.13,-2.98,0.95,2.06,-1.04,
0.55,9.03,-2.95,2.53,0.11,2.76,
0.72,9.30,-3.17,5.36,2.62,0.81,
0.43,9.39,-3.07,1.51,0.70,-2.39,
0.50,9.36,-2.95,-0.33,3.59,1.86,
0.48,9.25,-3.04,0.22,-3.25,-0.53,
0.54,9.38,-3.19,-0.98,-0.88,-0.55,
0.67,9.17,-3.19,-0.04,-0.36,0.64,
0.56,9.21,-3.11,-0.78,0.55,-0.31,
0.53,9.27,-3.14,0.88,1.71,-0.51,
0.61,9.27,-3.03,-1.41,2.54,-0.23,
0.26,9.51,-3.15,-4.41,-0.17,4.23,
0.38,9.17,-3.08,-4.29,-4.09,1.71,
0.57,9.23,-3.04,0.88,-1.46,5.10,
0.36,9.19,-3.06,0.65,-5.58,2.07,
0.50,9.26,-3.07,0.63,-1.77,2.69,
0.22,9.37,-3.19,2.80,-7.38,6.01,
0.11,9.28,-2.93,1.15,-10.72,8.00,
0.39,9.30,-2.98,1.37,-10.89,5.97,
0.14,9.29,-2.92,2.91,-9.98,6.07,
0.42,9.43,-2.96,2.74,-14.79,4.72,
0.48,9.28,-2.97,0.99,-10.47,4.07,
0.43,9.21,-2.83,1.48,-4.67,3.37,
0.21,9.33,-2.69,3.43,-6.78,-0.72,
0.38,9.45,-2.75,2.48,-8.71,-0.22,
0.32,9.56,-2.83,1.96,-1.02,0.86,
0.34,9.42,-2.56,0.70,-1.83,-0.44,
0.96,9.66,-2.73,21.75,-7.77,0.23,
0.58,9.24,-1.93,34.76,-11.07,5.95,
0.56,9.53,-1.91,18.23,-13.62,3.29,
0.12,9.51,-1.61,-2.36,-0.75,6.93,
0.23,9.47,-1.42,-2.18,-2.02,8.44,
0.27,9.39,-1.47,2.74,1.54,4.18,
0.04,9.62,-1.46,1.03,-0.95,1.88,
-0.01,9.58,-1.30,-2.07,-2.81,4.69,
-0.33,9.59,-2.03,-3.75,-9.45,-3.50,
-0.19,9.77,-1.58,-2.71,-5.11,-0.73,
-0.16,9.76,-1.45,-0.47,-3.82,-0.74,
0.01,9.62,-1.51,-1.70,-0.60,-0.62,
0.06,9.65,-1.62,-4.72,-0.39,-3.49,
-0.17,9.64,-1.68,-8.25,3.98,0.67,
-0.09,9.62,-2.00,-11.82,8.48,0.38,
-0.19,9.54,-2.08,-8.88,3.12,1.68,
0.10,9.40,-2.26,-4.30,20.06,-1.48,
-0.38,9.47,-2.66,-26.30,8.62,13.61,
-0.35,9.34,-3.14,-22.72,5.07,0.15,
-0.52,9.26,-3.25,-11.80,4.15,6.70,
-0.59,9.17,-3.39,-3.67,1.46,6.68,
-0.62,9.13,-3.51,-2.61,1.24,1.15,
-0.79,9.19,-3.50,-0.84,0.89,0.74,
-0.73,9.16,-3.49,-0.90,0.37,1.29,
-0.73,9.19,-3.64,-0.60,2.32,0.20,
-0.77,9.16,-3.45,-2.33,3.88,2.09,
-0.73,9.17,-3.63,0.25,3.46,2.02,
-0.86,9.01,-3.48,-1.23,2.40,0.09,
-0.82,9.14,-3.50,-0.37,0.97,1.61,
-0.99,9.03,-3.43,1.76,-1.81,1.86,
-0.78,9.24,-3.55,0.45,2.43,2.90,
-0.96,9.08,-3.41,1.68,-1.80,2.71,
-0.87,9.20,-3.35,3.54,-2.18,-1.06,
-1.10,9.45,-3.33,2.46,-6.47,-7.18,
-1.04,9.05,-3.45,3.12,-1.78,-0.34,
-0.69,9.19,-3.25,2.30,0.28,0.91,
-0.72,9.19,-3.26,3.61,2.56,-3.31,
-0.63,9.45,-3.27,5.06,-0.31,-5.18,
-0.60,9.10,-3.01,5.77,2.74,-1.06,
-0.54,9.54,-3.04,7.40,5.28,3.18,
-0.76,9.50,-2.85,5.28,-2.20,0.49,
-0.79,9.34,-2.69,-0.14,3.57,2.68,
-0.87,9.39,-2.69,4.11,-0.75,0.24,
-0.95,9.41,-2.67,3.68,-3.95,1.55,
-0.91,9.52,-2.66,2.07,-6.72,-4.45,
-0.71,9.68,-2.25,1.18,-4.14,-0.66,
-0.63,9.31,-2.44,1.06,-4.66,3.82,
-0.62,9.46,-2.49,1.66,-0.49,2.37,
-0.76,9.39,-2.50,1.82,-2.85,-0.12,
-0.75,9.37,-2.39,0.38,-1.26,-0.63,
-0.78,9.54,-2.50,0.65,0.59,1.19,
-0.68,9.46,-2.43,0.50,0.31,1.00,
-0.63,9.41,-2.55,-0.96,-0.88,-0.87,
-0.73,9.45,-2.48,-0.40,-2.04,1.01,
-0.65,9.48,-2.42,0.60,-0.25,1.16,
-0.64,9.45,-2.47,0.51,-0.25,0.38,
-0.65,9.47,-2.53,-0.44,0.21,0.18,
-0.72,9.51,-2.48,-0.96,0.23,0.99,
-0.81,9.50,-2.49,-0.68,-2.26,0.56,
-0.90,9.43,-2.54,-1.50,1.01,1.51,
-0.60,9.37,-2.52,0.57,-0.90,1.09,
-0.67,9.50,-2.57,-0.25,2.64,1.56,
-0.69,9.42,-2.57,-1.03,0.55,1.23,
-0.81,9.41,-2.56,-0.43,-1.30,0.54,
-0.78,9.36,-2.64,-0.11,-1.78,0.42,
-0.85,9.47,-2.62,-1.95,-0.12,1.01,
-0.91,9.51,-2.61,-10.31,11.81,2.94,
-0.80,9.17,-3.16,-17.33,8.41,5.63,
-0.79,9.29,-3.12,-19.01,4.51,-0.68,
-0.71,9.32,-3.42,-6.40,3.12,-1.15,
-0.91,9.05,-3.30,-0.45,-1.24,-3.50,
-0.77,9.21,-3.46,-5.01,-5.69,-10.80,
-0.41,9.19,-3.49,-1.03,0.34,-9.71,
-0.29,9.26,-3.51,-1.78,-11.75,-18.30,
0.22,8.81,-3.39,2.39,-0.20,-16.19,
0.11,9.28,-3.47,1.05,10.19,-0.52,
0.31,8.91,-3.46,1.42,2.64,-5.39,
0.23,9.09,-3.35,-0.17,2.48,-0.89,
0.29,9.15,-3.44,2.97,-0.48,-0.89,
0.39,9.15,-3.46,1.06,0.48,0.36,
0.38,9.17,-3.48,-0.17,1.29,0.51,
0.33,9.15,-3.37,0.72,0.55,0.60,
0.44,9.17,-3.36,2.00,-1.33,-0.51,
0.45,9.18,-3.19,6.13,-0.75,-0.68,
0.34,9.41,-3.13,7.37,-1.24,-0.60,
0.31,9.38,-3.16,7.35,-1.74,1.43,
0.49,9.34,-3.02,6.25,-3.34,-1.77,
0.36,9.24,-2.87,1.82,0.70,0.95,
0.52,9.29,-2.89,1.75,-0.87,1.04,
0.53,9.39,-2.92,2.97,-1.50,0.31,
0.49,9.26,-2.85,0.71,-0.87,-0.50,
0.40,9.40,-2.84,-0.46,-0.20,-0.38,
0.49,9.42,-2.83,0.95,0.63,2.13,
0.40,9.28,-2.73,0.22,0.03,-0.42,
0.43,9.37,-2.80,-0.94,1.10,1.47,
0.49,9.45,-2.91,2.25,0.35,1.69,
0.43,9.30,-2.90,0.66,-0.90,-0.30,
0.46,9.37,-2.80,-1.00,1.41,1.09,
0.41,9.33,-2.80,-0.09,0.17,1.12,
0.17,9.35,-2.89,-4.72,1.89,5.43,
-0.38,9.42,-2.91,-5.99,0.78,19.04,
-0.17,9.26,-3.05,-13.90,6.48,26.76,
-0.38,9.09,-3.49,-18.11,12.77,18.85,
-1.02,9.05,-3.73,-22.73,9.31,28.53,
-1.52,9.18,-4.05,-12.84,-1.93,17.36,
-1.34,8.62,-3.98,-2.00,0.81,5.30,
-1.54,8.77,-4.15,3.08,-3.43,-1.66,
-1.54,8.87,-4.07,2.90,-1.83,-1.48,
-1.49,8.83,-3.97,4.51,-2.74,-0.59,
-1.58,8.83,-3.90,4.70,-2.35,-1.42,
-1.62,8.88,-3.99,0.96,-0.99,-1.24,
-1.47,8.92,-3.87,0.69,-0.25,0.57,
-1.52,8.86,-3.88,0.89,-1.02,0.70,
-1.52,8.96,-3.82,2.22,-1.58,2.43,
-1.69,8.90,-3.60,9.59,-6.75,5.22,
-1.88,9.08,-3.60,13.69,-6.42,18.40,
-1.81,9.12,-3.36,18.00,-16.77,11.02,
-1.68,9.04,-3.08,21.98,-26.67,4.72,
-1.58,9.33,-2.93,22.93,-20.24,0.01,
-1.43,9.21,-2.50,9.77,-10.97,-4.65,
-1.34,9.40,-2.56,-0.43,-1.49,-6.12,
-1.29,9.43,-2.48,0.97,-0.74,-4.21,
-1.16,9.43,-2.46,1.21,0.28,-3.61,
-1.20,9.50,-2.44,0.52,1.93,-2.43,
-1.20,9.41,-2.38,0.28,1.42,-2.14,
-1.12,9.44,-2.34,0.00,0.87,-1.88,
-1.09,9.57,-2.16,-2.51,6.62,2.92,
-1.37,9.44,-2.52,0.19,-1.09,5.07,
-1.22,9.16,-2.58,-0.29,0.69,0.56,
-1.25,9.36,-2.44,1.38,4.32,-0.59,
-1.24,9.54,-2.41,0.40,1.23,-4.45,
-1.22,9.46,-2.40,0.94,1.53,-0.20,
-1.06,9.40,-2.49,1.42,2.73,-1.04,
-0.91,9.59,-2.51,-0.08,12.82,0.80,
-1.08,9.39,-2.38,-3.23,9.36,-1.98,
-0.80,9.23,-2.25,-7.34,12.32,-10.53,
-1.36,9.26,-2.61,-16.95,20.90,-2.47,
-1.04,9.66,-2.70,-10.74,11.99,-13.34,
-0.77,9.32,-2.78,5.23,-7.32,-2.32,
-0.83,9.17,-2.77,2.83,1.96,1.50,
-0.76,9.53,-2.96,-1.15,1.27,-1.86,
-0.71,9.30,-2.85,2.82,-0.40,-0.46,
-0.93,9.54,-2.64,6.95,2.77,-9.63,
-0.74,9.34,-2.69,3.68,-6.34,-2.48,
-0.66,9.39,-2.49,2.35,-0.48,-0.21,
-0.62,9.48,-2.54,2.62,-0.23,-0.34,
-0.57,9.61,-2.63,1.01,-0.41,1.31,
-0.49,9.40,-2.52,1.27,1.22,1.41,
-0.54,9.47,-2.43,-0.49,0.89,1.48,
-0.41,9.37,-2.58,-0.97,2.97,0.51,
-0.59,9.47,-2.62,-0.19,4.25,0.16,
-0.68,9.52,-2.49,0.67,-0.14,0.11,
-0.71,9.44,-2.49,1.24,-1.47,-0.12,
-0.68,9.53,-2.56,0.29,-2.44,0.11,
-0.57,9.45,-2.44,-1.35,-2.56,-0.44,
-0.56,9.39,-2.40,0.20,-0.68,-0.42,
-0.59,9.43,-2.42,0.34,0.69,1.90,
-0.58,9.43,-2.47,0.98,-1.30,-0.60,
-0.53,9.34,-2.37,2.20,3.87,0.47,
-0.64,9.49,-2.32,3.62,-0.44,0.03,
-0.67,9.29,-2.19,11.67,-6.97,7.01,
-0.64,9.47,-2.11,13.15,-4.72,-0.81,
-0.58,9.61,-1.63,14.14,-19.78,2.50,
-0.37,9.81,-1.76,12.83,-14.32,0.72,
-0.32,9.68,-1.71,0.20,-7.78,0.73,
-0.21,9.66,-1.54,-2.52,1.20,2.33,
-0.25,9.60,-1.51,1.23,1.19,0.93,
-0.31,9.55,-1.42,1.98,0.53,-0.74,
-0.48,9.72,-1.54,1.54,3.65,-0.65,
-0.34,9.57,-1.33,0.34,3.90,1.09,
-0.43,9.63,-1.46,1.29,1.31,1.21,
-0.61,9.73,-1.59,0.44,-1.31,1.70,
-0.40,9.60,-1.43,-2.13,1.76,1.68,
-0.36,9.58,-1.50,-1.35,2.19,1.58,
-0.46,9.57,-1.55,-1.66,3.99,1.54,
-0.53,9.71,-1.60,2.69,5.84,3.28,
-0.72,9.58,-1.52,0.15,-0.30,-0.49,
-0.55,9.61,-1.53,-0.17,0.75,0.92,
-0.56,9.65,-1.59,-1.38,2.69,1.36,
-0.57,9.64,-1.73,-4.99,6.49,2.12,
-0.60,9.63,-1.67,-2.70,6.62,1.37,
-0.99,9.60,-1.83,-5.86,6.55,7.13,
-1.23,9.73,-2.07,-11.27,7.03,15.81,
-1.35,9.49,-2.07,-15.43,6.11,19.08,
-1.23,9.55,-2.60,-9.27,2.59,7.24,
-1.70,9.27,-2.61,-13.76,3.22,0.17,
-1.44,9.07,-2.35,-12.88,6.75,1.38,
-1.62,9.07,-2.65,-2.54,2.50,-3.30,
-1.50,9.22,-2.87,-1.49,4.16,-3.37,
-1.74,9.17,-2.78,0.36,5.10,-3.12,
-1.63,9.23,-2.74,1.29,2.63,-0.39,
-1.48,9.20,-2.74,2.26,2.35,0.62,
-1.40,9.29,-2.72,2.64,0.08,-1.50,
-1.55,9.38,-2.82,1.07,-0.19,0.33,
-1.45,9.40,-2.81,2.03,1.06,2.63,
-1.52,9.35,-2.82,-1.01,2.98,-0.19,
-1.57,9.24,-2.73,-0.71,2.53,-0.09,
-1.60,9.35,-2.65,0.38,2.49,-2.14,
-1.57,9.36,-2.80,3.04,1.86,0.78,
-1.60,9.37,-2.80,-0.31,1.29,0.74,
-1.49,9.28,-2.69,-0.88,2.14,0.82,
-1.56,9.22,-2.68,0.62,1.29,1.48,
-1.56,9.26,-2.71,0.89,2.65,1.66,
-1.70,9.30,-2.64,-0.03,2.91,0.30,
-1.73,9.31,-2.60,1.43,1.55,-0.40,
-1.64,9.37,-2.71,-0.27,-1.99,-0.59,
-1.56,9.26,-2.64,0.22,-0.10,3.84,
-1.61,9.25,-2.59,0.42,-0.25,1.84,
-1.61,9.31,-2.70,0.10,2.07,0.94,
-1.74,9.35,-2.73,-1.03,0.74,-1.87,
-1.64,9.34,-2.55,-0.96,-0.99,-2.27,
-1.57,9.28,-2.68,2.14,-2.15,-0.25,
-1.60,9.31,-2.64,-0.28,-1.20,-1.56,
-1.42,9.29,-2.64,-0.18,1.13,1.59,
-1.48,9.33,-2.71,0.52,-0.42,0.40,
-1.61,9.30,-2.69,0.68,0.48,-0.94,
-1.58,9.28,-2.58,-1.31,1.35,-0.88,
-1.52,9.37,-2.64,1.27,-1.69,0.59,
