-8.20,1.48,4.91,39.22,-10.74,-10.50,
-7.85,1.23,5.53,51.25,-5.93,-20.54,
-7.70,1.56,5.65,72.81,-39.04,-38.47,
-7.79,2.50,5.11,87.54,-17.48,-43.88,
-8.20,2.36,4.98,108.37,-1.19,-41.22,
-8.65,1.91,3.57,109.70,4.29,-50.67,
-8.85,2.23,3.95,96.62,-15.65,-57.01,
-7.81,2.52,5.39,86.78,-6.19,-55.60,
-7.45,2.72,5.23,90.15,58.74,-46.01,
-10.32,2.26,2.00,82.20,16.14,-31.00,
-10.27,1.90,2.05,32.80,-32.48,-9.77,
-9.55,2.04,3.07,-26.90,-28.09,7.24,
-9.50,2.28,4.15,-65.69,12.33,29.70,
-9.77,2.80,4.63,-87.10,6.68,51.92,
-9.08,2.87,5.51,-98.95,19.66,68.85,
-8.49,2.46,4.98,-85.89,-1.39,72.08,
-7.18,1.80,3.64,-74.94,5.50,73.24,
-7.44,1.14,5.21,-87.83,-14.85,52.88,
-8.09,0.51,5.03,-77.21,23.02,46.12,
-8.60,0.20,5.74,-56.43,-20.18,20.82,
-7.84,-0.21,6.23,-18.37,-19.18,7.25,
-8.44,-0.17,6.21,13.40,5.43,-2.53,
-8.19,0.14,5.88,52.27,-21.17,-25.08,
-8.31,0.66,5.26,88.62,-2.80,-36.52,
-8.04,1.23,4.95,112.50,-23.97,-49.26,
-8.27,1.33,3.33,111.39,13.61,-53.00,
-9.46,1.56,3.00,97.16,20.26,-48.81,
-8.57,2.14,4.37,83.68,-12.08,-61.26,
-8.32,3.05,6.38,57.73,15.96,-49.67,
-9.76,1.49,2.69,39.52,10.36,-38.48,
-10.54,1.94,2.59,-26.62,9.02,1.27,
-9.96,1.94,3.12,-56.07,12.81,23.91,
-9.91,2.23,2.67,-76.16,24.36,44.69,
-8.83,2.38,1.85,-81.65,22.28,63.47,
-8.47,2.11,4.87,-122.63,-4.22,55.29,
-8.54,1.78,5.09,-113.43,27.71,64.09,
-8.42,1.10,4.88,-91.90,10.56,63.67,
-7.49,0.08,5.63,-75.64,6.82,46.63,
-7.09,-0.19,5.81,-54.85,30.98,22.89,
-8.66,-0.39,6.08,-24.44,3.33,-4.46,
-8.16,0.26,6.46,36.46,-16.73,-21.72,
-8.31,0.72,6.04,71.11,-17.89,-32.20,
-7.80,0.88,5.08,108.54,-25.91,-46.68,
-8.48,0.90,4.27,116.56,13.26,-54.43,
-8.42,2.13,5.45,106.03,5.84,-57.23,
-8.31,2.68,3.51,127.94,-21.13,-67.34,
-9.46,2.64,3.22,120.37,-65.19,-81.41,
-11.10,2.86,0.59,59.12,-4.28,-42.17,
-11.22,2.40,0.49,-20.34,-1.45,0.98,
-10.30,2.07,0.11,-42.84,33.22,26.66,
-9.38,2.99,-0.51,-78.46,28.94,41.53,
-9.94,2.69,3.29,-133.92,30.42,49.74,
-9.20,2.50,4.71,-117.57,44.10,72.96,
-8.04,2.02,3.85,-99.76,9.05,71.39,
-7.92,1.31,5.52,-107.02,-21.70,53.43,
-8.29,1.18,5.92,-87.16,-9.33,28.20,
-8.11,0.53,6.26,-50.05,-9.20,17.99,
-8.29,0.00,6.11,11.64,-21.16,-4.66,
-8.39,0.19,5.84,44.67,18.15,-12.06,
-8.05,1.02,5.57,80.33,2.95,-28.88,
-8.41,1.27,4.84,110.28,7.53,-35.50,
-8.04,1.71,4.92,124.31,1.48,-48.14,
-9.06,1.82,3.67,126.21,-13.48,-65.81,
-9.77,1.63,3.64,90.50,-31.48,-57.13,
-9.61,2.10,2.35,91.57,-45.94,-41.75,
-9.94,1.26,1.75,28.54,-33.34,-22.45,
-9.94,1.61,2.50,-26.98,0.53,0.16,
-9.50,2.09,0.30,-53.71,27.41,21.78,
-9.80,2.43,1.13,-99.58,22.43,36.07,
-9.73,2.66,5.13,-156.57,29.11,45.36,
-8.56,2.71,5.25,-109.48,33.59,65.43,
-9.08,1.92,5.68,-140.27,2.74,60.31,
-8.29,1.51,5.89,-93.48,-10.11,50.30,
-8.38,0.50,5.24,-64.48,-8.19,32.94,
-8.57,0.29,5.25,-37.97,-3.68,17.83,
-8.18,0.29,5.57,2.48,-45.35,-4.95,
-8.31,0.32,5.16,37.96,0.67,-12.03,
-8.48,0.43,4.75,68.67,-19.95,-28.83,
-8.73,1.17,4.42,85.79,-8.69,-38.29,
-8.91,1.91,4.34,103.20,-5.90,-44.82,
-8.41,2.40,4.00,123.16,-18.81,-53.62,
-9.17,2.10,3.52,126.84,7.31,-62.40,
-8.82,3.55,3.19,107.76,-6.14,-50.51,
-10.63,3.22,2.98,71.31,-28.47,-51.69,
-10.88,3.27,0.73,34.01,-0.23,-7.11,
-10.30,2.95,0.39,-21.20,-11.26,22.43,
-9.26,2.84,0.44,-82.14,23.49,34.93,
-9.07,2.83,2.93,-130.91,42.64,38.39,
-8.57,3.04,4.02,-117.88,36.27,43.29,
-9.57,2.67,4.69,-137.79,6.80,43.51,
-8.91,2.73,3.89,-95.13,5.18,54.68,
-9.18,1.59,3.97,-105.86,-19.47,36.26,
-8.31,1.15,6.00,-69.99,6.48,10.92,
-9.10,1.21,5.25,-38.88,-8.20,6.33,
-8.50,0.42,5.46,27.84,4.04,-3.59,
-8.78,1.06,4.86,74.10,16.67,-10.35,
-8.72,1.70,4.41,99.88,10.54,-23.70,
-9.48,2.72,3.94,129.09,-5.86,-28.56,
-9.02,2.87,2.32,140.39,-46.24,-35.08,
-8.63,2.46,2.11,117.93,-1.01,-35.83,
-8.76,2.92,1.66,109.40,-65.87,-66.36,
-10.25,3.91,-0.63,96.91,31.93,-24.63,
-10.55,3.75,-1.52,47.08,-49.89,-7.66,
-10.45,2.57,-0.45,-22.47,-34.82,11.76,
-9.41,2.56,0.67,-70.79,46.19,27.71,
-9.47,2.71,0.81,-102.12,32.51,35.38,
-9.31,2.65,3.87,-126.95,35.07,39.41,
-9.31,2.59,2.81,-107.98,39.15,54.42,
-8.48,2.15,5.19,-126.93,1.09,45.77,
-8.95,1.64,5.24,-114.71,29.90,39.93,
-8.99,1.35,5.96,-86.55,7.78,30.18,
-8.08,0.52,6.88,-32.87,-33.22,-0.31,
-8.69,0.44,6.15,12.07,-1.13,-3.36,
-8.43,1.14,5.82,56.51,-34.76,-22.72,
-8.71,1.47,4.97,91.99,-31.84,-32.86,
-8.26,1.68,3.80,116.92,-1.27,-36.58,
-9.09,2.42,3.71,114.51,12.82,-40.54,
-9.72,3.37,5.03,95.36,-36.58,-57.93,
-7.10,3.20,1.55,143.18,30.36,-42.50,
-9.69,1.97,-0.24,79.81,48.26,-14.76,
-9.73,2.37,-1.07,34.76,18.15,-6.85,
-10.30,2.17,0.60,-30.28,-35.74,-8.76,
-9.70,2.97,1.38,-83.61,21.17,15.15,
-9.15,3.08,3.24,-117.45,32.69,29.90,
-9.20,2.79,3.81,-118.29,17.63,38.56,
-9.91,2.72,4.19,-100.91,-4.32,41.18,
-8.88,2.18,3.08,-88.89,-25.43,46.97,
-8.41,1.46,4.98,-93.47,5.03,44.88,
-8.90,1.32,4.82,-89.01,8.80,28.74,
-7.85,0.95,5.41,-38.02,-5.94,17.26,
-8.50,0.48,4.85,-4.09,19.67,7.25,
-8.01,0.59,5.03,50.59,-10.59,-16.91,
-8.73,1.78,4.02,89.28,18.68,-16.57,
-9.19,1.38,3.66,107.93,-11.14,-26.55,
-7.84,2.23,3.38,119.94,80.93,-16.35,
-9.42,2.56,2.59,108.41,21.78,-26.87,
-10.46,1.91,3.30,92.78,-23.45,-32.53,
-10.21,2.80,4.26,72.41,32.96,-16.50,
-8.91,2.96,1.15,47.25,27.30,-12.18,
-10.61,2.29,0.85,-2.77,19.05,-2.48,
-9.89,2.33,1.22,-65.50,39.94,8.78,
-9.50,2.53,2.48,-91.43,51.81,21.15,
-9.97,3.04,1.80,-99.50,4.35,21.52,
-9.56,2.69,3.70,-106.79,-7.66,27.45,
-9.62,2.73,3.54,-84.52,18.19,43.20,
-8.43,2.13,3.55,-83.17,-4.66,42.87,
-9.23,1.59,4.26,-81.06,-6.95,29.29,
-9.10,0.92,3.67,-57.46,13.82,26.62,
-8.18,0.31,4.45,-13.83,-5.24,5.92,
-9.22,0.44,4.84,16.66,-4.80,-15.79,
-9.37,0.93,4.21,66.05,-16.69,-23.73,
-9.23,1.63,3.48,91.24,-9.23,-19.70,
-8.72,2.37,3.39,105.26,-9.77,-28.87,
-9.35,2.72,2.44,130.38,-20.21,-34.44,
-9.56,3.08,2.54,128.42,-35.64,-37.29,
-10.38,3.05,2.64,110.26,-23.63,-27.89,
-10.01,3.50,0.54,95.16,9.78,-10.58,
-10.04,2.98,-0.45,32.40,-37.40,-6.43,
-10.15,2.31,0.30,-25.39,21.87,3.82,
-9.65,2.72,0.69,-64.65,32.59,8.93,
-9.74,3.31,0.10,-85.88,23.32,26.78,
-9.38,3.39,0.95,-108.83,13.76,36.81,
-9.09,2.76,2.11,-128.70,15.11,37.47,
-8.72,2.16,4.14,-122.47,32.38,40.46,
-8.47,1.27,3.96,-90.19,3.33,32.04,
-8.96,0.62,4.70,-67.26,3.89,17.27,
-8.60,0.41,5.13,-22.47,11.80,3.33,
-8.68,0.36,5.17,27.20,-14.56,-18.93,
-8.93,1.41,4.68,78.11,-11.61,-21.69,
-9.93,2.26,4.75,117.59,-0.83,-24.65,
-8.88,2.77,3.34,129.25,-20.44,-27.54,
-9.19,2.15,2.70,122.19,-50.05,-44.63,
-9.21,3.05,2.26,109.31,-25.95,-42.34,
-9.61,3.27,1.36,83.14,-16.29,-31.61,
-9.97,2.95,0.59,48.57,-3.83,-18.79,
-10.37,3.16,-0.15,-2.48,3.08,-1.21,
-9.76,3.29,0.25,-52.12,17.93,10.38,
-9.43,3.66,0.81,-93.45,19.84,23.47,
-9.17,3.59,1.95,-119.12,29.28,36.00,
-9.32,3.68,3.08,-130.36,7.39,29.09,
-9.80,3.27,5.07,-136.08,10.73,30.86,
-8.69,2.65,4.62,-104.80,17.57,38.09,
-8.72,1.66,5.03,-70.43,0.93,25.57,
-8.27,1.02,4.94,-20.37,2.10,6.28,
-8.97,1.08,4.93,21.93,5.10,-5.07,
-8.65,1.35,4.65,68.08,3.13,-13.05,
-9.17,2.66,3.67,101.59,8.50,-18.32,
-9.44,3.22,2.78,125.05,-12.27,-23.25,
-8.99,3.11,3.17,120.50,2.87,-25.80,
-8.29,3.13,1.63,126.31,8.46,-23.24,
-8.77,2.61,0.52,112.16,-37.85,-16.65,
-11.04,2.50,0.58,41.45,-44.10,-26.77,
-9.90,3.06,0.66,-18.24,-2.62,-3.24,
-9.49,3.37,-0.14,-63.54,14.59,22.32,
-9.74,3.22,2.14,-116.72,10.80,26.30,
-8.99,4.13,3.12,-124.28,59.34,49.60,
-8.33,3.15,3.67,-121.19,4.51,44.03,
-9.31,2.35,4.68,-132.35,-5.64,40.00,
-8.20,2.62,5.18,-76.85,6.31,31.51,
-7.88,1.09,5.77,-33.18,-24.80,9.46,
-8.12,1.02,5.85,19.92,-4.19,-0.24,
-8.48,1.20,5.29,73.83,-8.60,-12.88,
-9.11,2.63,4.27,111.59,-13.90,-25.66,
-9.38,2.90,3.49,141.08,6.29,-26.31,
-8.57,4.08,1.59,140.50,-121.35,-50.96,
-8.63,3.45,1.64,110.66,56.40,-10.54,
-9.83,3.73,1.26,83.83,-33.48,-36.99,
-10.86,3.33,-0.79,38.57,1.51,-1.32,
-10.00,3.22,-0.53,-29.20,-7.38,16.42,
-9.60,2.76,0.40,-70.30,18.98,27.13,
-9.18,3.03,0.72,-93.79,24.13,31.96,
-8.97,2.82,2.48,-110.86,-9.57,26.56,
-9.37,2.38,3.03,-113.84,38.35,41.68,
-9.17,2.03,4.91,-110.70,16.95,32.49,
-9.16,0.87,3.73,-55.92,-10.19,26.98,
-7.87,0.26,4.99,-12.88,-13.97,8.32,
-8.14,0.54,5.33,24.87,1.31,-5.69,
-8.15,1.03,5.20,69.00,18.93,-25.59,
-8.28,1.95,4.58,102.45,-14.46,-33.78,
-9.36,2.84,3.97,121.95,41.02,-19.36,
-9.93,3.30,1.93,142.86,-42.37,-27.93,
-9.61,3.95,3.08,139.93,-17.82,-21.85,
-9.59,3.59,1.34,85.75,-33.63,-20.97,
-9.12,2.65,-0.17,32.93,-8.66,-18.64,
-10.76,2.79,-0.67,-19.54,-3.98,-3.26,
-10.41,3.35,0.88,-80.55,5.23,16.77,
-9.77,3.34,3.27,-100.88,-21.91,24.78,
-9.20,3.53,3.39,-126.27,29.36,45.76,
-9.98,2.39,3.39,-110.33,12.56,42.10,
-8.97,2.57,3.65,-100.57,13.57,49.27,
-8.13,1.27,5.19,-92.01,-19.71,28.52,
-9.14,0.45,4.37,-63.49,5.29,23.01,
-8.07,0.41,5.64,-3.85,-22.90,-3.44,
-8.62,0.40,5.17,42.16,-19.75,-23.89,
-9.23,1.36,4.61,86.28,-11.46,-26.51,
-8.60,2.96,3.82,110.89,-21.28,-34.40,
-9.59,3.80,2.96,121.70,-5.16,-28.23,
-9.29,3.74,2.12,122.90,10.30,-19.41,
-9.24,3.67,0.66,98.21,-24.75,-21.95,
-9.41,3.27,-0.88,52.26,-57.39,-22.87,
-10.21,3.34,-1.39,-16.41,-2.06,-8.46,
-9.99,3.55,-0.08,-68.37,27.39,4.41,
-9.51,3.95,1.42,-112.60,58.18,29.63,
-9.36,3.94,2.40,-123.11,35.28,42.90,
-10.10,3.61,4.80,-132.45,17.75,36.93,
-8.91,2.54,4.06,-106.00,29.51,44.85,
-7.80,1.03,5.40,-109.97,-22.24,13.77,
-9.59,1.54,4.74,-43.35,32.16,16.08,
-9.08,1.27,4.46,11.82,-28.52,-0.14,
-8.93,1.40,4.40,65.14,-3.68,-4.54,
-8.27,2.24,3.62,107.32,9.08,-10.96,
-9.76,3.70,2.30,135.93,-15.36,-29.74,
-9.85,4.10,2.59,127.80,-25.37,-38.11,
-9.11,4.77,2.53,111.78,25.75,-21.01,
-10.42,3.69,2.43,86.45,-23.03,-24.14,
-10.40,3.77,-0.79,50.22,-49.72,-29.77,
-9.92,3.50,-1.33,-28.04,-6.03,14.49,
-9.42,3.22,-0.20,-94.03,25.02,24.60,
-9.14,3.39,2.09,-130.99,48.29,31.87,
-9.10,4.05,3.16,-124.91,53.00,42.88,
-9.34,3.10,4.31,-127.35,9.18,42.11,
-8.01,2.03,4.16,-98.49,12.17,43.93,
-8.66,1.76,4.63,-72.86,-32.39,16.54,
-7.63,0.89,5.52,-18.17,-4.80,7.61,
-9.82,1.02,4.65,25.56,-23.29,-8.52,
-8.69,1.63,4.14,84.33,-36.99,-17.74,
-9.01,2.59,3.39,110.46,-34.48,-31.16,
-9.41,3.17,2.82,120.06,-12.73,-30.56,
-8.80,3.52,2.45,124.68,-7.26,-34.68,
-7.76,3.61,2.91,110.69,9.81,-49.82,
-10.49,4.14,0.65,78.85,14.55,-9.09,
-9.71,3.38,-0.87,59.73,-29.09,-6.60,
-10.02,2.67,-0.70,-16.98,-1.11,3.81,
-9.34,3.28,0.19,-75.50,47.73,13.37,
-8.99,4.04,1.53,-123.31,58.49,31.68,
-9.66,4.10,3.14,-121.64,35.36,46.54,
-8.92,3.03,3.64,-114.92,31.08,57.87,
-7.97,2.86,4.48,-104.66,2.38,34.55,
-8.02,2.09,6.25,-85.75,33.24,28.20,
-9.74,1.50,5.44,-48.76,-17.57,10.93,
-7.92,1.12,5.95,6.63,-8.53,-1.13,
-8.96,1.71,5.12,55.13,-5.99,-8.77,
-8.82,2.37,4.34,100.69,-17.86,-18.22,
-9.16,3.09,3.76,130.20,-21.21,-31.48,
-9.00,4.00,3.58,139.20,-21.82,-38.16,
-8.20,4.69,2.76,141.69,19.83,-35.60,
-9.47,2.58,1.21,111.13,3.33,-29.65,
-10.12,2.90,1.17,23.31,9.69,-22.58,
-9.91,3.63,1.18,-37.67,-13.27,-0.04,
-9.93,4.25,1.49,-90.51,21.05,34.21,
-8.29,4.39,3.32,-122.36,47.26,61.24,
-8.54,4.09,4.61,-125.78,20.62,63.16,
-8.25,3.25,3.96,-127.99,41.69,52.25,
-6.93,2.68,5.97,-102.83,8.65,30.74,
-9.71,2.25,5.42,-63.97,-3.61,25.27,
-8.96,1.47,5.38,-12.42,-63.99,2.25,
-8.25,0.76,5.20,23.76,-18.66,-1.65,
-8.72,1.41,4.57,65.40,5.94,-2.41,
-8.13,1.63,3.96,87.99,18.64,-11.65,
-9.30,2.26,3.79,100.26,61.45,-7.75,
-9.15,3.43,5.44,115.47,-42.21,-50.99,
-8.32,3.01,3.73,107.13,-5.45,-44.66,
-10.08,3.03,3.60,87.89,68.72,-12.61,
-9.75,3.13,0.25,34.33,-16.68,-21.64,
-10.51,2.78,1.18,-16.51,12.53,0.79,
-9.55,3.00,1.62,-64.86,16.48,15.81,
-8.26,2.73,3.53,-90.76,65.58,43.71,
-9.60,2.96,3.90,-100.51,44.25,44.29,
-9.61,3.21,2.91,-100.77,0.01,39.88,
-8.35,2.65,3.14,-103.43,-0.22,37.27,
-8.25,2.03,4.90,-104.79,31.22,33.71,
-10.26,1.53,4.31,-64.41,-4.25,18.64,
-8.30,1.03,5.29,-1.91,-36.78,9.79,
-8.74,0.67,4.37,27.90,-2.05,-2.96,
-8.71,1.83,4.26,81.83,4.10,-14.96,
-9.02,1.96,2.59,111.60,5.00,-23.27,
-9.51,3.34,1.75,118.04,18.37,-3.67,
-9.26,3.02,2.00,101.82,8.85,-14.72,
-10.15,2.53,1.44,156.63,-72.97,-21.11,
-9.56,3.18,-0.01,124.15,-31.84,-26.60,
-9.69,2.98,-1.57,65.49,12.51,-12.22,
-10.07,2.90,-1.48,-14.45,-12.73,-4.61,
-9.31,2.93,0.32,-65.07,33.39,5.25,
-9.69,3.38,1.33,-105.23,33.22,10.89,
-10.90,3.76,3.16,-125.72,-18.54,-4.39,
-9.34,3.42,1.70,-81.07,35.46,42.91,
-8.58,2.33,2.36,-113.51,49.18,51.09,
-9.28,2.09,3.37,-121.12,78.20,52.04,
-8.96,1.36,5.52,-73.34,41.57,37.20,
-8.47,0.53,5.72,-21.99,-39.42,-2.82,
-7.89,0.39,5.57,28.87,13.58,-6.13,
-8.65,1.21,4.23,74.77,-27.43,-31.20,
-9.38,2.00,3.19,109.18,-5.24,-28.31,
-9.53,3.17,2.32,109.73,-32.58,-30.59,
-9.43,3.54,3.66,108.41,11.16,-25.59,
-7.16,3.35,2.05,127.92,23.32,-36.43,
-10.60,4.01,-0.80,78.65,-71.54,-37.99,
-10.31,3.98,-1.68,7.11,-21.80,0.74,
-9.82,3.32,-1.43,-43.07,12.48,16.14,
-8.56,3.52,-0.70,-101.09,72.18,23.88,
-10.00,3.66,1.77,-130.93,64.75,25.00,
-9.25,3.58,3.34,-124.57,53.34,40.12,
-9.01,2.70,3.34,-117.50,2.63,36.32,
-8.41,1.37,4.54,-88.69,26.14,29.16,
-9.00,1.06,4.92,-63.05,-7.93,8.65,
-9.44,0.89,5.13,0.35,1.33,-4.16,
-9.35,0.97,4.21,50.55,-28.48,-16.51,
-9.07,2.08,3.71,97.65,-13.54,-16.13,
-8.96,2.92,2.53,121.28,-42.99,-33.56,
-9.08,2.89,2.48,113.54,-19.42,-25.98,
-9.08,3.75,3.04,113.48,29.16,-30.69,
-9.49,4.34,1.53,106.64,-25.02,-31.52,
-10.03,3.10,-0.35,58.86,-10.95,-14.24,
-9.73,3.37,-1.05,-17.81,4.16,2.66,
-9.30,3.74,-0.23,-76.88,9.50,1.63,
-9.16,3.69,1.08,-120.21,66.97,21.11,
-10.06,4.26,2.74,-127.37,66.12,34.76,
-9.21,4.43,4.08,-141.62,41.83,44.74,
-8.87,3.22,3.46,-109.98,20.40,50.33,
-8.67,2.81,3.66,-121.89,7.16,43.19,
-8.20,1.88,4.66,-95.14,16.91,26.30,
-9.73,1.14,4.64,-32.65,3.50,10.52,
-8.73,1.13,5.22,30.79,-47.70,-12.15,
-8.85,1.56,4.31,75.80,-2.10,-14.48,
-9.39,3.56,4.70,116.93,-11.38,-27.17,
-8.45,3.18,2.59,135.51,-21.71,-30.92,
-10.09,3.11,3.76,104.14,44.52,-34.37,
-9.06,5.02,3.98,79.77,-3.56,-39.34,
-10.36,3.58,2.15,80.22,6.92,-23.34,
-9.69,3.09,-0.35,54.15,47.96,-2.28,
-11.18,3.82,0.62,-35.95,-0.74,10.89,
-9.72,3.60,1.81,-83.61,12.23,26.07,
-8.83,3.57,2.68,-114.05,61.53,53.11,
-9.75,3.52,3.45,-111.30,61.99,61.14,
-8.28,3.00,2.16,-126.89,15.75,52.59,
-9.26,2.81,3.96,-144.10,40.19,36.98,
-8.70,2.64,6.07,-143.09,37.90,33.22,
-8.68,1.59,5.45,-63.98,5.07,21.67,
-9.85,1.07,5.33,-17.70,18.51,11.71,
-8.18,1.00,5.70,56.24,-39.27,-13.09,
-8.02,1.69,4.64,93.56,-12.28,-20.49,
-9.58,2.99,3.26,122.18,-21.71,-35.68,
-8.40,3.84,2.75,155.77,-48.26,-44.96,
-8.75,3.80,1.73,141.85,24.64,-45.18,
-9.74,4.21,-0.94,160.39,-55.53,-44.07,
-10.14,4.25,-1.01,107.00,-117.30,-38.49,
-9.76,4.21,-1.16,38.69,-18.64,-10.99,
-9.55,4.08,-2.15,-41.97,-4.15,15.09,
-9.36,3.87,-0.47,-92.73,24.39,22.44,
-9.53,3.70,2.17,-141.82,76.25,32.70,
-9.77,4.16,2.82,-119.22,54.05,48.13,
-8.93,3.36,3.26,-114.16,-6.89,46.92,
-8.13,2.44,3.60,-96.63,-6.36,38.93,
-8.27,1.04,3.56,-69.29,16.56,24.55,
-9.62,0.99,4.33,-34.28,-5.29,-2.18,
-8.91,0.80,4.76,50.02,-29.62,-7.39,
-8.75,1.15,3.32,97.50,-45.81,-21.33,
-8.98,2.56,2.48,115.29,-34.59,-30.05,
-9.59,3.30,2.61,114.56,-1.00,-31.04,
-9.91,5.26,2.01,137.11,-54.10,-46.96,
-10.04,5.71,1.40,125.68,-95.98,-23.65,
-9.12,4.20,-1.22,88.88,-46.21,-1.83,
-9.19,3.78,-2.50,-8.57,32.54,7.12,
-10.06,3.91,-2.03,-45.54,26.91,0.92,
-9.38,4.18,-0.61,-90.54,52.16,23.83,
-9.30,4.43,1.62,-139.64,47.49,29.31,
-9.04,3.95,2.53,-126.57,48.15,37.29,
-9.03,3.56,3.33,-129.58,27.38,33.22,
-8.67,2.63,4.70,-102.32,5.01,21.29,
-9.43,2.18,4.32,-69.10,3.39,12.94,
-9.12,1.57,5.00,-16.44,-10.05,9.08,
-9.25,1.16,5.10,31.11,12.38,0.79,
-9.11,2.10,4.02,86.72,-11.13,-12.91,
-8.94,2.93,3.33,122.91,-31.60,-24.32,
-9.74,3.27,4.91,141.51,32.51,-19.26,
-8.83,3.81,1.64,116.37,-50.98,-48.66,
-9.61,4.15,1.81,117.91,-31.37,-34.59,
-8.96,3.84,-0.49,86.28,-13.21,-25.35,
-10.02,3.67,-0.41,21.27,-13.55,-17.93,
-10.70,4.05,-1.03,-38.64,-19.53,7.03,
-9.41,3.90,-0.22,-96.10,28.87,36.62,
-9.28,3.51,1.35,-117.61,14.15,36.31,
-8.84,3.50,2.51,-122.68,46.62,42.68,
-8.31,2.33,2.41,-113.49,29.60,40.06,
-8.85,2.06,2.62,-115.75,9.47,29.49,
-9.12,1.70,4.14,-95.65,13.91,17.03,
-9.39,1.20,4.10,-47.11,-6.44,3.15,
-9.45,0.73,4.30,7.42,-22.46,-6.15,
-9.12,1.20,4.38,46.52,-12.97,-5.98,
-9.23,1.64,3.30,79.38,3.81,-7.54,
-9.34,2.39,2.85,103.43,2.98,-14.43,
-9.50,2.72,2.48,106.98,4.21,-23.76,
-9.26,3.18,2.01,112.06,-1.05,-27.10,
-8.85,2.97,1.23,107.32,-13.30,-34.71,
-9.43,3.00,0.04,71.10,-11.80,-31.28,
-10.80,3.53,0.14,13.99,0.85,-15.30,
-10.45,3.68,0.67,-40.92,-5.20,11.19,
-9.54,3.51,1.13,-74.68,6.17,35.04,
-9.12,3.20,1.64,-90.66,0.37,43.01,
-8.92,2.71,2.25,-104.94,15.44,43.16,
-8.38,2.06,2.74,-102.87,3.69,31.63,
-8.40,1.85,3.24,-89.55,-2.06,19.71,
-10.14,1.37,3.12,-69.14,-37.81,-0.52,
-8.69,0.89,4.22,-19.72,13.99,8.05,
-10.03,1.19,3.98,14.07,-15.50,3.05,
-8.34,1.60,4.74,74.35,-22.32,-7.10,
-8.70,2.27,3.30,112.58,-28.17,-22.81,
-9.39,3.56,2.91,126.88,-19.64,-31.19,
-9.89,4.51,2.43,128.22,-7.80,-27.58,
-9.45,4.21,1.80,133.74,-8.87,-29.61,
-9.70,3.95,-0.66,100.25,-28.88,-19.74,
-9.92,3.60,-1.39,27.41,-21.72,-13.82,
-10.71,3.47,-1.13,-28.80,-2.83,4.47,
-9.24,3.62,-1.43,-59.47,14.45,19.13,
-8.62,3.79,-0.47,-99.87,30.69,28.25,
-9.31,3.65,2.60,-141.00,26.52,25.69,
-9.10,3.42,3.18,-130.91,36.16,39.41,
-8.82,3.12,3.87,-119.37,-7.18,22.82,
-9.35,2.26,3.55,-88.70,9.66,26.63,
-8.72,1.51,4.32,-48.02,-36.17,5.79,
-8.58,1.06,4.54,13.15,-38.33,-12.73,
-8.84,1.88,4.49,59.81,-41.65,-25.81,
-8.92,2.68,3.29,100.05,-23.83,-21.67,
-9.68,3.85,2.60,121.16,-23.67,-16.64,
-8.75,4.02,1.47,155.23,-28.25,-24.83,
-9.49,4.33,0.59,129.21,-42.37,-23.43,
-10.08,4.60,1.35,88.67,-27.60,-14.96,
-6.77,4.11,-2.62,80.88,11.27,-19.08,
-11.56,3.37,-0.73,5.22,-71.34,-9.81,
-9.09,3.68,-0.73,-31.01,18.66,15.17,
-9.03,4.20,0.33,-90.72,24.40,17.86,
-9.69,4.13,2.10,-132.89,59.39,22.06,
-9.41,4.21,2.97,-132.20,52.86,34.88,
-9.67,3.69,3.85,-125.15,4.59,29.15,
-9.30,3.40,3.45,-100.65,9.12,32.18,
-8.72,2.73,2.87,-91.60,-13.98,22.03,
-8.53,1.69,3.40,-64.79,-5.79,5.69,
-9.24,1.36,4.13,-31.71,21.03,7.27,
-8.34,1.40,4.57,20.92,-4.57,-7.43,
-9.26,2.14,3.64,63.46,-25.49,-25.86,
-9.49,3.44,2.91,95.52,-25.96,-23.59,
-9.18,3.81,2.30,116.79,-14.71,-20.83,
-8.85,3.93,1.61,137.58,2.69,-11.91,
-8.95,4.17,0.30,111.68,7.45,-18.97,
-9.69,4.44,1.73,76.71,-5.91,-15.16,
-8.94,4.24,0.82,70.25,-29.45,-19.57,
-9.33,3.69,-0.26,20.54,-4.31,-13.55,
-11.57,4.38,-1.23,-45.80,-26.63,-2.29,
-9.39,4.44,0.74,-104.13,43.68,32.48,
-9.65,4.25,1.82,-112.73,23.36,35.38,
-8.91,4.12,1.28,-124.36,25.28,41.93,
-8.46,3.34,1.87,-127.87,14.44,27.75,
