-5.98,4.74,8.33,0.51,-5.70,0.15,
-7.02,4.79,8.98,45.39,2.88,33.63,
-4.67,3.46,7.36,72.19,4.83,47.10,
-3.04,1.20,5.42,42.53,-25.83,19.99,
-3.51,1.32,4.21,-33.42,-2.36,-27.96,
-3.80,3.85,8.39,-93.83,31.14,-56.53,
-8.80,5.91,10.67,-46.01,12.90,-35.94,
-8.77,5.83,9.80,47.57,7.74,40.47,
-5.94,4.10,9.08,81.37,2.04,74.48,
-4.28,2.12,6.53,84.16,-22.62,70.29,
-3.31,-0.26,4.29,47.49,-39.24,39.58,
-3.36,-0.70,2.57,-23.37,5.35,-15.66,
-3.65,0.30,7.24,-103.79,85.65,-67.82,
-7.14,4.67,9.10,-116.74,45.95,-60.31,
-9.37,5.31,11.94,7.58,-51.39,-6.54,
-7.37,3.99,9.59,82.85,-0.91,55.48,
-4.97,1.80,7.66,98.99,-13.70,71.22,
-3.84,-0.40,5.62,71.95,-28.82,50.10,
-3.39,-1.43,3.54,5.57,-18.11,10.36,
-3.63,-0.72,4.91,-67.86,54.85,-53.59,
-5.10,2.14,7.05,-122.38,5.31,-79.93,
-8.57,4.34,10.84,-79.62,-30.31,-55.97,
-10.38,5.39,11.48,37.13,-5.30,22.99,
-6.48,3.63,8.71,104.68,-3.99,77.09,
-4.32,0.23,5.97,91.16,-15.31,69.78,
-2.61,-0.92,3.13,39.39,-7.67,26.37,
-3.00,-1.18,3.62,-38.66,26.15,-41.03,
-4.80,0.45,8.05,-124.19,42.70,-82.81,
-7.88,4.62,10.80,-98.63,-31.15,-60.02,
-8.73,4.70,12.27,32.02,-15.12,13.84,
-6.63,3.28,9.96,98.98,-10.43,64.72,
-4.64,0.62,6.79,102.39,-37.14,69.94,
-3.61,-1.27,4.48,41.03,-23.84,40.62,
-3.20,-1.22,3.25,-25.99,-7.81,-20.39,
-4.15,0.23,6.29,-108.38,86.05,-67.19,
-6.47,3.39,9.09,-117.44,-5.32,-75.52,
-9.65,4.95,12.87,-35.49,-37.65,-21.84,
-8.36,4.62,10.04,72.51,-2.34,51.13,
-5.25,2.41,7.25,98.19,-18.07,67.42,
-3.70,-0.19,3.92,67.74,-27.90,39.12,
-3.94,-0.54,3.98,-6.58,4.93,-10.34,
-4.88,0.81,4.12,-77.75,33.79,-50.10,
-4.48,3.34,9.34,-134.69,54.00,-67.03,
-8.81,5.73,11.45,-58.27,-15.68,-35.87,
-9.10,5.68,11.17,39.35,-8.99,47.17,
-6.11,4.21,9.03,93.40,-17.14,89.03,
-4.37,1.00,5.48,106.22,-11.92,85.09,
-3.40,-1.71,3.96,53.98,5.33,39.51,
-3.66,-1.97,3.02,-23.96,2.26,-21.32,
-3.65,0.15,5.74,-100.55,34.87,-73.11,
-5.54,2.99,8.77,-115.32,14.67,-87.96,
-9.16,5.39,10.39,-49.29,-31.83,-51.35,
-10.16,5.57,10.16,41.63,-11.23,32.83,
-7.03,3.64,8.59,91.11,-7.66,81.56,
-4.54,1.14,6.17,96.22,-7.32,77.31,
-3.06,-0.94,3.78,50.15,-11.01,33.81,
-3.29,-1.53,3.43,-23.51,26.04,-32.30,
-5.40,-0.14,6.97,-96.44,30.79,-78.87,
-6.83,3.72,9.07,-110.71,1.56,-76.17,
-9.41,5.54,10.95,-22.55,-2.78,-20.85,
-8.71,4.69,10.16,53.75,-15.44,51.10,
-6.81,2.76,8.78,96.64,-11.38,89.21,
-3.68,0.58,5.70,91.59,-15.15,81.58,
-2.44,-1.59,2.78,29.38,-13.98,22.36,
-3.50,-1.48,3.61,-52.44,34.42,-46.57,
-4.55,0.66,7.70,-119.52,48.62,-82.45,
-7.44,3.73,9.81,-106.19,18.47,-73.01,
-11.20,5.90,11.03,3.62,-64.03,1.19,
-6.76,4.00,9.67,101.32,16.49,65.29,
-4.94,0.87,8.07,109.21,-5.61,73.40,
-3.24,-1.41,5.72,69.66,-5.54,58.64,
-2.74,-1.66,2.90,-9.37,-36.35,-0.37,
-3.19,-0.72,5.12,-74.87,87.75,-57.19,
-4.85,2.42,8.84,-132.63,0.70,-79.50,
-8.02,4.93,11.67,-68.78,-15.54,-49.94,
-8.82,5.15,12.18,50.46,-4.24,28.41,
-6.09,3.31,9.61,106.69,-5.72,73.59,
-4.11,0.67,6.06,96.66,-31.94,72.81,
-2.76,-1.16,2.78,43.78,-12.32,33.15,
-3.29,-2.13,4.17,-37.19,22.95,-34.40,
-4.03,0.80,5.93,-125.29,81.72,-73.00,
-6.07,3.89,10.06,-121.20,0.98,-73.03,
-9.49,5.53,12.08,-20.66,-32.41,-16.64,
-7.71,4.25,10.34,84.04,-0.51,57.65,
-5.36,1.83,8.40,107.77,7.93,79.27,
-3.89,-0.40,6.04,83.13,1.55,73.42,
-2.47,-2.20,2.76,14.85,-40.78,20.88,
-3.91,-2.13,4.30,-51.68,11.52,-45.36,
-4.35,-0.08,7.83,-129.58,43.02,-77.90,
-8.54,4.68,9.13,-102.65,-17.51,-57.85,
-9.70,4.85,13.42,15.64,-7.03,12.09,
-6.95,2.95,9.67,93.76,17.24,74.34,
-4.43,0.58,7.02,93.18,-23.32,73.34,
-2.49,-1.52,4.08,42.94,1.71,33.85,
-3.84,-1.84,3.50,-32.74,1.26,-33.42,
-4.70,-0.60,8.57,-101.79,39.73,-61.49,
-6.86,2.97,9.54,-79.67,-12.01,-52.45,
-9.54,3.71,12.04,10.18,-14.01,6.66,
-7.62,2.56,9.93,93.92,-4.22,66.45,
-4.08,0.06,5.15,106.93,-33.32,71.04,
-3.27,-2.16,2.89,33.60,6.05,20.24,
-4.01,-1.89,3.95,-47.48,17.38,-40.42,
-4.35,0.33,6.87,-121.33,79.97,-74.31,
-4.73,4.52,10.20,-132.26,-2.92,-80.36,
-10.68,6.39,12.36,-32.54,-21.18,-18.58,
-8.15,5.07,10.53,81.00,14.10,65.89,
-5.75,2.77,7.61,118.48,-10.05,91.45,
-3.72,-0.18,5.15,95.93,-22.85,75.60,
-2.53,-2.43,2.91,21.72,0.39,15.91,
-3.62,-1.47,4.63,-67.31,40.91,-58.11,
-5.56,1.08,7.70,-137.62,25.95,-86.03,
-8.71,4.77,11.32,-97.67,-20.21,-65.33,
-11.20,5.56,10.85,28.62,-11.98,25.44,
-7.07,3.39,8.02,99.35,-4.62,82.78,
-4.05,0.59,6.24,97.54,26.12,77.54,
-3.29,-0.64,2.56,5.91,35.29,18.94,
-4.22,-1.15,4.75,-40.12,-76.91,-47.18,
-5.55,1.70,7.90,-127.73,29.41,-75.92,
-8.36,5.06,10.25,-87.71,-4.88,-55.61,
-10.73,5.85,10.50,27.71,-18.08,22.58,
-8.49,3.78,9.12,102.65,-11.14,86.57,
-4.92,1.07,5.37,116.31,-19.71,93.53,
-3.28,-2.20,3.13,50.26,-10.48,40.42,
-3.94,-2.19,2.49,-32.37,0.40,-29.20,
-4.81,0.52,4.69,-108.40,41.41,-75.41,
-5.63,3.61,8.81,-129.68,14.66,-89.30,
-10.61,6.00,10.25,-51.62,-24.40,-42.94,
-10.43,5.36,8.55,39.87,-14.50,37.00,
-8.12,3.35,7.92,95.88,12.18,88.15,
-5.55,1.12,5.21,82.00,-10.49,80.09,
-3.53,-1.18,2.96,35.08,18.01,34.58,
-4.30,-1.58,3.62,-28.92,17.45,-36.73,
-5.37,0.80,5.40,-100.08,27.94,-71.22,
-7.53,3.93,8.08,-102.59,-7.11,-74.81,
-10.61,5.23,9.74,-25.21,-51.42,-21.94,
-10.71,5.16,8.62,55.66,-16.92,58.60,
-6.91,2.85,5.91,105.56,-1.11,103.07,
-3.65,-0.70,3.82,73.48,-18.42,64.41,
-3.55,-1.50,2.26,-13.14,10.23,-13.50,
-5.51,-0.17,4.72,-74.10,48.60,-72.99,
-7.65,3.17,8.10,-116.58,-50.87,-92.88,
-10.77,5.01,10.09,-37.97,-13.86,-28.39,
-10.65,4.73,8.53,50.78,0.85,55.33,
-7.31,2.94,6.78,93.40,20.75,92.13,
-4.31,-0.26,4.25,78.99,-26.26,70.87,
-3.39,-1.47,2.08,-5.01,-0.58,-2.32,
-5.00,-0.53,5.06,-63.57,46.22,-68.17,
-7.64,2.80,6.64,-117.57,-7.54,-90.56,
-10.84,5.34,10.39,-41.28,-44.80,-38.96,
-10.32,4.66,8.13,65.27,33.04,64.12,
-6.60,2.07,6.40,100.88,13.71,92.37,
-4.35,-0.50,5.15,57.39,-0.56,63.38,
-3.75,-1.40,3.63,-16.60,5.11,4.81,
-4.77,-1.49,5.39,-47.51,31.27,-60.15,
-6.40,3.06,6.45,-126.36,-53.17,-83.12,
-9.72,4.81,9.44,-45.94,1.61,-47.01,
-11.69,5.10,8.58,39.10,-13.21,38.59,
-7.57,2.94,6.49,87.47,-4.00,91.84,
-4.46,0.12,4.67,80.56,2.87,71.85,
-4.01,-1.60,3.62,10.13,6.28,6.23,
-4.84,-0.64,4.43,-43.37,33.09,-53.79,
-5.54,2.24,6.38,-109.00,0.83,-84.21,
-9.65,5.47,10.01,-69.61,-24.67,-59.96,
-10.87,5.18,9.08,41.71,0.77,30.89,
-7.85,3.09,7.25,85.19,-0.88,78.03,
-4.88,1.09,5.11,77.12,22.14,69.97,
-4.23,-1.26,3.11,15.88,-30.05,20.86,
-4.50,-1.07,4.93,-42.38,22.79,-43.18,
-5.69,2.09,7.13,-126.35,8.05,-83.61,
-9.62,5.09,10.17,-57.82,-41.83,-53.98,
-11.31,5.49,8.65,41.06,-15.06,33.32,
-7.93,3.38,7.46,88.48,-4.36,86.12,
-5.34,0.62,5.06,81.44,-19.89,77.68,
-3.89,-1.16,3.47,37.25,3.87,33.01,
-4.24,-1.49,3.49,-30.46,25.28,-40.64,
-5.71,0.34,6.03,-99.67,26.69,-87.30,
-9.31,3.90,9.00,-90.32,8.72,-75.59,
-12.43,5.07,9.65,21.95,-26.96,18.51,
-8.27,3.04,7.58,83.81,11.32,88.79,
-5.06,0.55,5.52,87.44,-16.13,81.38,
-4.16,-1.90,3.14,37.52,-17.67,36.28,
-4.00,-1.97,3.33,-36.62,38.55,-31.92,
-5.47,-0.05,6.10,-105.76,67.98,-81.24,
-7.40,4.78,8.48,-129.16,-19.35,-86.30,
-12.12,6.35,11.00,-8.96,-42.93,-9.97,
-8.50,4.40,8.77,76.76,1.69,69.96,
-6.26,2.21,6.23,93.28,-14.73,85.96,
-3.86,-0.47,3.91,70.88,-30.60,58.07,
-3.59,-1.13,3.08,-16.01,23.59,-18.59,
-4.95,0.30,4.92,-85.35,39.53,-68.85,
-6.89,4.13,6.97,-110.12,-0.09,-85.21,
-12.20,6.00,10.91,-28.51,-47.78,-21.96,
-9.32,4.56,9.01,71.72,24.22,70.85,
-5.94,2.22,6.02,94.14,10.81,88.98,
-4.41,-0.91,4.62,58.26,-29.42,55.01,
-3.21,-1.19,3.22,-11.55,34.77,-9.35,
-4.95,-0.49,5.33,-53.04,38.12,-69.75,
-6.23,3.43,6.98,-115.10,-23.64,-93.26,
-11.16,4.89,9.47,-42.05,-14.42,-56.73,
-11.31,4.95,8.65,56.42,-50.08,40.36,
-7.43,3.70,8.23,88.75,-30.89,84.39,
-4.57,0.91,4.75,87.51,-51.17,70.32,
-3.61,-1.68,2.67,16.41,70.08,21.74,
-4.36,-0.67,3.56,-51.41,10.86,-53.65,
-6.39,1.81,6.66,-109.20,6.84,-80.06,
-9.88,4.97,9.46,-86.44,-14.59,-67.24,
-11.45,5.41,9.59,39.99,-2.48,32.28,
-7.99,3.22,7.24,96.55,-21.37,88.70,
-4.79,0.92,5.25,83.97,-15.80,76.82,
-3.88,-1.37,2.96,25.96,-36.70,27.87,
-4.49,-1.18,3.13,-36.55,16.83,-42.57,
-5.98,1.47,6.56,-113.56,32.87,-80.04,
-9.10,4.33,10.26,-87.76,8.08,-63.72,
-11.41,5.23,9.77,25.03,-8.43,20.04,
-7.98,3.33,7.38,85.78,-13.35,76.98,
-5.34,0.74,5.68,86.06,-2.34,68.94,
-3.80,-0.84,3.11,41.22,-8.57,22.27,
-4.67,-1.32,3.34,-27.91,22.06,-39.17,
-5.81,0.43,6.85,-86.32,43.74,-77.76,
-10.03,3.66,8.29,-77.39,-27.25,-68.76,
-11.80,5.44,11.09,-1.08,-56.75,7.56,
-8.80,3.29,8.56,102.48,30.77,89.57,
-6.50,-0.19,5.83,82.71,-14.39,83.85,
-4.41,-1.70,3.91,27.06,15.77,43.44,
-4.25,-1.50,2.41,-25.74,21.03,-26.09,
-5.60,-0.36,6.29,-95.65,68.30,-65.83,
-7.63,3.52,7.86,-117.14,-6.68,-73.86,
-11.16,4.52,10.66,-24.74,-36.99,-16.17,
-9.17,3.79,8.40,47.96,-5.74,53.06,
-6.87,1.96,5.97,73.82,4.40,74.41,
-4.74,-0.04,4.78,45.55,11.37,51.01,
-3.47,-0.08,2.40,-29.49,39.42,-9.24,
-4.69,0.13,6.14,-89.34,84.46,-63.47,
-7.47,4.25,7.71,-102.45,-24.07,-74.19,
-9.42,5.06,10.91,-27.74,-35.38,-35.83,
-10.38,5.38,9.24,58.33,14.86,50.10,
-6.52,3.20,6.48,102.81,-4.72,86.12,
-4.19,-0.06,2.90,43.15,-13.69,56.47,
-2.92,-0.35,4.11,-18.36,37.36,-19.18,
-5.33,1.26,6.12,-100.05,66.96,-87.40,
-9.34,4.82,6.48,-97.97,-62.55,-79.64,
-11.24,6.81,10.48,-22.46,-50.42,-8.58,
-9.38,5.56,8.71,61.42,7.32,66.93,
-6.63,2.78,5.73,92.95,4.11,94.04,
-4.23,0.31,4.64,68.78,15.57,61.64,
-4.15,-0.64,2.90,-2.80,-10.74,-1.87,
-4.83,0.09,5.10,-68.57,41.52,-58.47,
-6.12,3.00,7.43,-109.77,4.97,-80.83,
-10.86,5.36,10.13,-41.47,-22.39,-40.78,
-11.12,5.14,8.96,56.40,16.54,53.02,
-7.38,2.83,6.38,100.32,12.92,92.04,
-4.96,-0.18,4.93,66.77,-11.55,71.94,
-3.59,-1.11,2.87,-7.53,11.47,7.50,
-5.23,-0.71,4.46,-52.67,38.11,-58.37,
-6.25,2.25,7.26,-121.08,-11.16,-85.15,
-10.23,5.39,9.79,-53.33,14.94,-51.06,
-11.04,4.78,8.32,46.61,16.12,41.26,
-7.39,2.48,6.77,94.65,20.34,87.31,
-5.60,-0.13,5.41,67.69,-21.10,69.12,
-3.52,-1.05,3.46,3.75,14.81,20.57,
-4.76,-1.03,4.52,-48.45,-2.23,-53.12,
-5.36,2.08,7.43,-129.83,42.80,-75.27,
-8.50,5.07,8.40,-72.05,2.56,-59.73,
-11.77,5.14,9.13,21.94,-33.71,24.45,
-8.62,3.76,6.90,74.20,-7.22,85.71,
-4.76,1.68,5.24,83.13,0.06,82.83,
-3.52,-1.17,3.32,43.68,15.85,32.53,
-4.17,-1.86,3.82,-20.95,22.82,-36.29,
-5.52,0.59,6.10,-97.84,21.58,-92.40,
-7.82,4.85,7.45,-118.13,-1.27,-91.75,
-12.37,6.48,10.03,-12.37,-67.38,-14.91,
-10.33,4.90,7.36,68.04,35.81,75.43,
-7.18,2.59,5.44,87.35,3.18,96.85,
-4.81,-0.09,4.73,67.57,22.57,67.73,
-3.95,-1.37,3.17,10.74,-23.91,3.11,
-5.14,-0.25,4.27,-55.90,60.65,-61.48,
-6.46,3.00,6.69,-99.49,-41.97,-90.20,
-12.10,4.31,9.18,-40.57,-56.70,-49.09,
-11.83,4.65,8.32,43.47,3.38,47.78,
-7.61,2.45,6.13,81.93,20.68,93.07,
-4.76,-0.14,4.51,62.70,-4.45,70.02,
-4.31,-1.74,2.95,1.72,1.44,6.81,
-4.87,-0.56,3.93,-47.03,34.33,-58.91,
-6.77,1.84,7.45,-111.35,-14.53,-96.54,
-11.42,4.87,8.77,-51.35,-14.66,-55.20,
-12.13,4.90,8.48,40.84,-4.41,42.26,
-8.13,2.72,5.95,83.61,7.45,93.14,
-5.54,0.04,4.36,71.52,-2.53,75.97,
-4.35,-1.44,2.95,16.34,4.46,19.86,
-4.88,-1.24,3.86,-30.83,16.48,-46.78,
-5.53,0.60,7.32,-82.60,126.02,-73.15,
-9.35,3.89,9.81,-85.74,-59.38,-68.55,
-11.53,4.73,10.26,30.86,-36.71,20.26,
-8.74,3.20,7.38,78.66,-26.74,84.07,
-4.86,0.65,4.48,75.57,4.06,83.12,
-3.58,-1.84,3.07,17.04,10.81,25.80,
-5.28,-1.59,4.22,-47.36,22.58,-46.88,
-5.97,1.85,6.87,-122.12,29.77,-77.75,
-7.90,4.84,8.45,-75.23,-15.20,-67.10,
-10.11,4.73,10.34,9.71,6.78,2.41,
-8.98,3.73,8.11,78.34,-20.20,59.50,
-6.36,1.73,6.30,93.92,-28.95,76.35,
-5.04,0.25,4.14,49.39,-21.50,50.71,
-3.91,-1.58,2.79,2.42,-5.70,-4.30,
-5.25,0.00,4.32,-58.68,66.12,-74.17,
-6.98,3.61,7.50,-108.08,-52.33,-96.94,
-11.07,4.58,9.56,-36.53,-40.85,-45.47,
-10.80,4.56,8.44,44.26,5.80,40.88,
-7.66,2.74,6.19,77.00,-4.17,83.76,
-3.96,1.39,3.92,51.97,25.51,57.79,
-4.35,-0.90,4.20,-5.12,-0.86,-6.71,
-5.72,0.48,4.45,-49.40,22.50,-57.60,
-5.57,4.49,7.32,-119.17,12.32,-83.93,
-11.87,5.67,9.50,-22.83,-39.89,-30.62,
-9.92,4.18,6.76,61.48,23.81,62.75,
-7.75,2.32,5.78,74.33,-9.83,87.48,
-5.37,0.39,3.96,35.88,-3.88,57.73,
-4.81,-0.70,3.23,-4.16,-29.64,-4.58,
-6.18,0.04,4.04,-45.87,45.45,-57.85,
-6.61,3.45,5.72,-109.40,9.23,-88.26,
-11.15,5.04,9.05,-36.77,-40.17,-43.27,
-11.16,5.36,7.85,36.67,-3.36,50.01,
-8.24,3.87,5.88,74.88,-14.89,98.54,
-5.39,0.59,3.95,72.45,-2.59,86.43,
-3.75,-1.62,3.89,7.38,5.93,19.59,
-3.53,0.41,3.61,-55.30,20.63,-70.33,
-6.19,3.54,5.82,-99.11,-46.87,-99.97,
-10.73,5.72,8.90,-63.47,0.22,-69.38,
-12.51,6.47,7.85,37.97,-27.29,31.91,
-8.47,4.26,6.87,95.17,-11.02,96.48,
-5.70,1.33,4.98,80.91,-17.49,89.71,
-3.85,-1.02,2.21,27.28,-29.85,39.15,
-4.31,-0.93,2.73,-24.45,11.40,-44.66,
-6.53,1.61,6.08,-88.74,19.50,-77.49,
-10.70,3.87,9.64,-69.66,-28.50,-62.40,
-12.74,4.37,8.87,53.56,-27.57,52.89,
-8.26,2.42,5.80,89.29,-7.25,102.17,
-5.08,-0.03,4.27,68.19,5.44,83.52,
-3.52,-2.27,2.38,17.81,-11.73,14.86,
-4.85,-1.24,3.46,-43.92,40.68,-68.10,
-6.51,1.14,5.07,-107.14,15.00,-101.82,
-9.77,5.07,9.26,-88.58,-53.39,-90.99,
-14.43,5.80,7.91,16.85,-48.78,21.88,
-9.38,3.86,5.43,69.84,27.39,103.37,
-6.03,0.86,4.17,73.35,-7.38,93.48,
-4.42,-0.98,2.90,24.78,-8.50,35.39,
-4.54,-0.75,2.49,-30.08,26.77,-49.75,
-6.90,1.22,5.90,-100.86,-18.80,-104.79,
-11.39,5.81,7.16,-75.68,-18.32,-78.23,
-13.44,5.78,7.41,32.26,-38.02,32.31,
-8.48,3.47,6.40,86.83,35.20,97.83,
-6.51,0.38,4.42,63.05,-29.12,84.76,
-4.12,-1.22,2.73,17.55,-0.69,32.31,
-5.03,-1.22,2.62,-28.19,29.30,-51.66,
-7.01,0.99,5.86,-89.81,7.02,-85.87,
-11.10,4.10,7.58,-81.04,-15.87,-79.90,
-13.02,5.10,8.30,19.87,-45.80,22.04,
-8.94,3.80,6.28,66.96,13.53,86.66,
-5.58,0.48,4.11,70.30,23.24,83.19,
-4.30,-1.33,2.89,10.96,3.66,21.02,
-5.30,-1.13,3.70,-36.57,18.13,-52.80,
-6.98,2.00,5.81,-116.57,26.35,-96.07,
-9.97,5.87,7.92,-69.26,5.85,-56.63,
-12.05,5.25,7.24,33.04,-14.99,39.95,
-8.32,2.95,6.15,82.15,9.32,88.64,
-6.61,0.20,4.80,62.95,-9.37,72.85,
-4.77,-1.34,2.92,20.69,3.50,29.09,
-5.27,-1.36,3.61,-29.41,22.29,-42.61,
-6.36,1.45,5.39,-96.29,37.99,-90.94,
-9.21,4.38,7.45,-61.64,-44.42,-75.44,
-13.62,5.40,7.72,9.19,-73.05,2.17,
-9.43,3.61,6.12,64.58,19.16,81.79,
-6.73,1.30,4.02,65.35,21.68,87.24,
-4.79,-0.69,3.42,31.33,0.84,43.21,
-4.87,-1.00,3.48,-27.13,29.51,-33.42,
-6.35,1.23,5.69,-91.87,24.89,-87.86,
-9.36,4.89,7.41,-74.35,-34.69,-76.06,
-11.70,5.57,9.28,0.17,-24.49,-2.48,
-9.44,4.02,7.20,58.66,4.23,70.04,
-6.49,1.98,4.58,72.68,6.52,84.19,
-5.37,-0.48,3.75,43.04,-7.70,50.57,
-4.27,-0.84,3.25,-26.58,12.70,-23.60,
-5.81,0.37,5.56,-81.81,69.41,-90.51,
-8.20,5.39,6.58,-93.58,-11.58,-100.86,
-13.32,5.96,8.69,1.80,-90.64,-11.60,
-9.86,4.62,6.44,54.30,14.69,75.57,
-7.32,2.83,4.90,65.44,14.15,89.95,
-4.40,0.64,3.20,46.72,5.33,55.11,
-5.30,-1.57,2.58,-11.58,-29.90,-18.37,
-6.42,0.86,5.01,-73.15,64.54,-70.25,
-7.07,4.29,5.06,-86.33,-3.54,-82.20,
-11.53,5.47,7.76,-33.67,-19.62,-38.70,
-11.58,5.05,6.72,35.30,3.83,59.37,
-8.72,3.33,5.30,64.13,2.41,101.91,
-5.14,0.86,3.08,69.80,12.76,87.74,
-4.51,-1.27,2.10,8.14,-15.07,10.59,
-5.10,0.02,3.71,-47.35,63.58,-67.30,
-7.10,3.13,5.37,-92.22,2.97,-107.14,
-11.92,5.87,8.27,-50.62,-21.32,-62.07,
-12.49,5.23,6.81,44.76,2.25,57.58,
-9.28,2.88,5.52,75.02,-18.90,101.01,
-5.63,0.37,3.40,71.44,9.62,90.79,
-3.92,-1.02,1.52,9.44,-7.95,21.51,
-4.48,-0.70,2.84,-45.92,57.13,-67.20,
-7.40,2.01,4.91,-89.10,-22.00,-111.32,
-12.12,4.83,7.54,-58.63,-1.12,-76.46,
-14.02,5.59,5.90,29.71,-21.81,45.83,
-8.70,3.08,4.42,78.17,-0.40,116.58,
-6.27,0.23,3.41,62.90,-12.76,94.74,
-4.25,-1.11,2.18,7.60,11.60,19.15,
-4.58,-0.46,2.60,-39.93,25.54,-60.07,
-6.26,1.97,5.87,-95.83,5.80,-113.29,
-13.27,5.62,7.07,-62.83,-55.50,-81.65,
-13.18,5.55,7.32,32.33,-32.10,41.98,
-9.99,3.50,5.59,64.70,3.00,110.15,
-6.17,1.26,2.95,65.76,-3.73,106.97,
-3.37,-1.34,1.67,11.58,3.58,27.30,
-4.39,-0.74,2.27,-45.33,54.63,-66.47,
-5.86,2.10,5.53,-89.36,16.69,-124.20,
-13.53,5.42,6.62,-75.96,-76.15,-110.95,
-15.51,6.54,5.62,20.68,-7.52,49.35,
-9.35,4.29,4.23,60.58,9.68,118.52,
-6.18,1.50,4.04,64.69,33.26,108.26,
