-1.87,6.81,6.29,168.52,49.92,-134.20,
-1.90,6.63,6.71,-0.05,0.72,-0.15,
-1.91,6.58,6.67,-0.78,-1.21,0.84,
-1.83,6.70,6.75,1.18,1.78,0.33,
-1.85,6.63,6.72,-1.08,1.16,-0.12,
-1.80,6.81,6.45,0.84,2.24,5.39,
-1.74,6.44,6.68,-4.48,7.11,5.73,
-1.72,6.42,6.64,-3.72,-2.29,-0.80,
-1.65,6.83,6.91,0.31,-7.05,-5.23,
-2.75,7.27,5.97,-5.07,-1.17,6.82,
-1.50,6.79,7.05,0.13,19.23,7.18,
-1.63,6.78,6.88,5.53,5.68,6.70,
-2.16,6.71,6.61,-4.59,-13.65,12.30,
-2.07,6.65,6.33,-1.60,8.95,4.95,
-2.13,6.66,6.61,-5.41,8.05,8.36,
-3.33,6.60,5.74,-31.98,-120.12,23.12,
-3.43,7.02,6.48,-7.95,-24.01,13.97,
-4.06,6.47,5.38,-17.37,-21.02,10.99,
-3.85,7.56,4.79,-12.28,-11.51,1.01,
-3.81,8.37,4.57,-27.45,15.30,8.26,
-3.45,8.40,4.53,-20.54,23.06,20.36,
-3.20,7.25,4.22,-39.95,47.36,23.84,
-2.90,6.80,4.78,-25.62,80.52,22.01,
-3.05,7.18,5.26,-30.76,110.04,32.62,
-3.24,7.22,5.90,-45.38,50.55,20.64,
-2.38,8.54,5.75,-30.27,82.66,19.66,
-1.23,8.04,5.88,-8.93,69.08,20.61,
-1.48,8.43,5.47,-12.79,40.22,21.07,
-1.18,8.07,5.23,-9.18,16.34,9.72,
-0.90,7.89,4.59,-10.89,52.44,13.15,
-1.01,8.52,5.54,11.73,33.75,17.46,
-0.85,8.36,4.36,7.78,20.74,1.69,
-1.14,7.85,4.93,-34.09,45.96,-9.67,
-1.22,8.67,4.91,-1.78,-8.23,-4.38,
-0.86,8.18,4.47,-2.98,-10.49,-3.79,
-1.07,8.76,4.87,-5.84,-3.29,-0.43,
-1.15,8.22,4.88,7.35,-2.90,1.06,
-0.73,8.27,5.29,19.25,-0.94,-2.99,
-0.80,7.60,5.57,21.70,-9.20,-14.67,
-0.74,8.05,5.52,-1.85,-28.53,-24.44,
-0.74,8.16,5.61,5.74,-35.68,-24.50,
-0.38,7.71,6.36,22.88,-63.05,-42.17,
-0.65,6.93,6.84,38.30,-89.22,-45.95,
-0.90,6.36,7.20,49.88,-53.68,-45.13,
-0.94,6.33,6.77,49.73,-56.24,-47.34,
-0.83,6.17,6.96,34.24,-66.40,-47.62,
-1.19,5.91,6.46,28.10,-73.88,-39.54,
-1.67,6.41,7.11,5.98,-50.49,-32.94,
-2.09,6.60,6.91,2.89,-39.77,-33.15,
-2.24,6.21,7.26,-10.32,-20.40,-32.43,
-2.19,5.92,7.54,-7.41,4.82,-26.62,
-1.80,6.48,7.33,2.66,9.98,-16.51,
-1.17,6.66,7.73,-6.12,4.89,-6.56,
-1.64,6.76,6.84,-8.92,9.09,8.65,
-1.94,6.41,6.95,-4.13,12.99,19.04,
-1.51,7.46,7.37,10.59,44.41,17.17,
-1.06,7.56,6.56,13.12,57.95,37.12,
-0.59,5.90,7.36,-1.54,14.21,33.07,
-0.66,5.13,7.91,-7.23,12.16,20.48,
-1.00,5.70,7.87,0.58,13.76,-0.25,
-1.02,5.59,8.09,8.41,0.66,-17.67,
-0.68,5.79,7.60,5.66,-29.90,-37.63,
-0.51,6.25,7.31,4.42,-36.30,-46.46,
-0.72,6.70,6.58,-6.51,-32.03,-39.13,
-0.98,7.33,7.92,-10.82,-28.94,-7.26,
-2.00,5.88,6.84,-20.89,-34.54,10.40,
-1.85,5.91,7.10,-0.34,-23.69,15.14,
-2.15,7.51,7.32,-2.59,-42.85,23.34,
-2.74,7.14,6.25,0.56,-15.24,12.89,
-3.14,5.82,6.17,3.52,6.82,7.02,
-3.22,6.31,6.75,7.16,1.88,12.06,
-3.25,6.14,6.95,0.52,3.05,4.38,
-2.86,5.90,7.02,19.27,19.81,-0.05,
-3.69,6.06,7.67,11.35,1.20,23.06,
-2.78,6.41,7.73,-0.92,5.00,20.34,
-3.38,4.91,7.38,2.59,21.73,12.12,
-2.97,4.91,7.32,0.76,22.49,0.73,
-2.43,5.34,7.80,1.04,37.21,4.57,
-2.36,4.77,7.47,1.00,14.96,2.70,
-1.96,5.49,7.81,4.17,16.06,2.23,
-1.83,5.43,7.87,5.17,10.17,-1.89,
-1.37,5.41,8.02,-5.61,10.43,-1.95,
-1.10,5.18,8.20,-6.82,33.50,-0.04,
-0.85,5.49,8.25,-16.83,9.67,-3.27,
-0.92,5.54,7.84,-0.53,1.49,1.85,
-1.08,5.50,7.90,-6.64,6.11,-8.62,
-1.20,5.29,7.83,-6.20,-4.23,-6.17,
-1.24,5.76,7.83,-1.48,-10.16,1.62,
-1.05,5.56,7.45,-2.03,-12.56,4.04,
-0.79,5.62,7.56,-0.60,-3.37,2.40,
-1.39,5.54,7.96,1.19,-3.92,1.65,
-1.09,5.75,7.59,-2.22,6.46,-0.84,
-1.30,5.91,6.42,-3.68,13.41,-8.86,
-0.95,6.29,7.54,-16.59,8.06,-12.15,
-0.72,6.34,7.39,-13.06,19.01,-10.94,
-0.48,6.07,7.19,-8.48,23.77,-7.61,
-0.09,6.15,7.47,-13.16,24.26,-6.50,
0.25,6.36,7.58,2.75,-1.55,-2.02,
0.07,6.26,7.31,5.00,-2.29,0.89,
0.25,6.36,7.37,4.82,-10.04,-2.21,
0.06,6.24,7.22,3.27,-8.83,1.74,
0.07,6.19,7.28,1.70,-2.31,-1.37,
0.13,6.29,7.54,0.00,-1.77,-5.87,
0.08,6.09,7.30,0.31,2.98,-4.76,
0.06,6.14,7.35,-0.96,0.50,-4.80,
0.13,6.22,7.50,0.10,1.44,-2.44,
0.24,6.14,7.50,2.21,-2.70,1.76,
0.06,6.03,7.22,5.08,-1.18,1.67,
0.18,6.10,7.41,0.31,-2.61,0.76,
0.08,6.00,7.33,-2.17,2.22,0.67,
0.14,6.07,7.47,-1.02,-0.55,0.53,
0.17,6.10,7.34,2.72,-6.13,-1.58,
0.09,6.09,7.47,0.15,-1.51,-1.50,
0.08,6.18,7.54,-2.20,3.99,-0.89,
0.11,6.16,7.43,-1.05,4.66,-0.15,
0.09,6.04,7.52,4.60,-9.32,0.76,
0.00,6.21,7.31,1.97,-3.58,1.82,
0.04,6.07,7.34,-2.13,4.87,2.83,
0.13,6.09,7.45,-6.21,4.48,2.83,
0.14,6.07,7.34,-3.51,6.81,0.78,
0.29,6.07,7.51,-2.65,8.42,-0.66,
0.21,6.04,7.47,1.92,-10.45,-4.90,
-0.05,5.95,7.46,1.21,-11.64,-7.73,
-0.15,6.21,7.36,-3.80,-12.17,-1.96,
-0.23,6.08,7.05,-9.45,-13.49,1.08,
-0.07,7.11,7.10,-5.01,-9.87,1.39,
-0.68,6.18,6.94,-0.81,-5.12,1.44,
-0.58,6.48,7.35,9.54,5.55,2.07,
-0.38,6.10,7.28,6.96,-8.88,5.84,
-0.41,6.14,6.83,5.05,-6.97,5.77,
-0.41,6.15,7.10,-3.12,5.43,-0.82,
-0.76,6.23,7.34,-5.27,5.41,-4.49,
-0.77,6.78,7.12,-7.23,6.46,0.95,
-0.52,6.60,7.61,-2.01,-2.58,4.49,
-0.38,5.89,7.56,-3.37,-3.29,-0.73,
-0.32,6.06,7.01,0.03,-2.85,-1.27,
0.10,6.63,6.92,2.58,7.25,-4.67,
-0.32,6.28,6.82,-3.68,-1.67,2.70,
-0.37,6.09,7.59,-2.50,-3.22,-2.70,
-0.09,6.37,6.25,-0.82,12.50,-5.64,
-0.61,6.59,6.99,0.10,14.44,6.80,
0.08,6.50,6.91,-2.93,-7.11,-3.19,
-0.06,6.60,7.14,0.62,-0.06,0.41,
-0.19,6.66,7.33,0.30,2.05,-2.21,
0.01,6.60,6.95,-1.33,-5.07,-1.64,
0.03,6.82,6.89,-3.12,-1.07,-0.22,
-0.08,6.60,6.74,-1.29,1.57,-2.31,
0.23,6.79,7.32,-1.72,5.95,-0.91,
0.16,6.51,6.93,0.11,-1.30,-0.78,
-0.12,6.73,7.04,0.27,0.41,-0.01,
-0.28,6.35,6.86,1.26,3.44,1.43,
0.49,7.24,7.18,-1.97,0.91,-1.44,
0.09,6.36,6.80,0.24,0.74,-0.52,
0.23,6.61,7.09,0.79,3.43,2.06,
0.10,6.57,6.90,-0.25,2.38,0.74,
0.15,6.64,6.84,-0.29,1.15,-1.02,
0.12,6.41,7.07,-1.57,1.78,-3.76,
0.05,6.62,7.11,1.06,-1.50,0.14,
0.38,6.45,6.92,-0.29,-0.15,-1.00,
0.02,6.33,6.85,2.88,-2.71,1.68,
0.21,6.69,6.97,-1.81,4.09,-2.12,
-0.10,6.54,7.10,1.92,-7.23,0.50,
0.29,6.62,6.79,1.30,-1.35,-1.97,
0.25,6.83,7.00,-2.50,-2.16,-1.19,
0.15,6.42,7.06,-3.89,4.63,-1.38,
0.19,6.50,7.33,2.41,-1.06,-1.02,
0.28,6.55,7.17,2.87,0.13,-1.36,
0.25,6.66,6.92,0.74,-1.33,-0.82,
0.20,6.60,7.19,1.32,-1.22,-0.14,
0.28,6.75,6.88,-4.13,10.65,0.11,
0.35,6.25,6.97,-6.14,2.01,-2.98,
0.39,6.69,7.55,0.85,-11.04,-0.52,
0.41,6.73,6.80,3.64,-2.63,0.06,
0.42,6.60,7.08,0.08,-2.61,0.55,
0.39,6.54,7.03,0.67,2.99,0.86,
0.17,6.56,6.81,-0.57,2.61,1.23,
0.36,6.65,7.13,-1.79,2.04,0.67,
0.38,6.57,7.01,-3.82,3.78,0.64,
0.37,6.72,6.97,-1.98,5.39,1.58,
0.40,6.94,7.18,-1.63,3.62,0.58,
0.37,6.47,7.01,-1.30,0.10,-0.45,
0.33,6.58,6.88,-1.09,-4.58,-0.86,
0.46,6.86,7.00,-0.95,3.24,0.36,
0.42,6.51,6.91,-3.27,-0.59,-1.61,
0.48,6.55,7.09,-0.74,1.70,-1.28,
0.57,6.76,6.80,0.43,-1.78,-0.28,
0.44,6.71,6.95,0.67,-1.19,-0.83,
0.43,6.70,6.89,0.59,-0.77,-1.80,
0.49,6.62,6.80,-0.52,-0.89,-1.24,
0.47,6.70,6.92,1.33,-0.09,-1.05,
0.46,6.65,6.97,0.55,0.35,-1.47,
0.48,6.36,7.03,2.73,-0.82,-0.46,
0.26,6.50,6.92,5.08,-4.77,1.59,
0.40,6.54,6.91,2.93,-4.94,-1.33,
0.41,6.44,6.98,-0.81,0.17,1.22,
0.41,6.53,6.89,-1.99,-0.74,1.90,
0.35,6.41,6.96,-3.42,1.94,0.85,
0.30,6.63,7.12,-1.58,-1.65,-1.04,
0.34,6.56,7.04,-1.17,-2.29,-1.49,
0.35,6.62,6.98,-0.79,-0.78,-0.22,
0.38,6.61,7.09,0.20,2.56,0.76,
0.47,6.55,6.94,-0.03,1.77,-0.75,
0.38,6.64,6.90,-0.46,2.40,-0.05,
0.42,6.55,6.93,-1.09,4.10,0.00,
0.47,6.53,6.97,-0.33,2.68,-0.51,
0.50,6.60,6.89,-0.17,-2.20,1.24,
0.54,6.61,7.03,-0.15,1.65,1.22,
0.46,6.65,7.02,-0.38,-1.23,0.10,
0.26,6.58,7.47,3.23,0.39,1.43,
0.31,6.18,7.40,19.33,-20.47,-5.22,
-0.05,5.75,7.62,0.59,4.66,-1.81,
0.25,5.80,8.25,14.86,-0.39,0.97,
0.44,6.07,7.36,12.48,-3.82,-1.89,
0.36,6.07,6.88,3.10,-5.78,-7.72,
0.16,6.18,6.82,-1.63,-0.51,-5.19,
-0.01,6.30,7.58,-2.30,3.95,-0.24,
0.41,6.39,7.56,-5.28,0.06,3.45,
0.51,6.53,6.70,-7.52,3.67,-5.09,
0.30,5.89,7.68,-3.19,3.16,2.68,
0.50,6.11,7.16,-4.37,-1.66,3.43,
-0.33,6.32,7.00,-1.86,5.95,8.68,
0.40,5.90,7.88,-1.23,-3.10,-8.16,
0.60,5.37,7.17,7.98,4.82,-18.35,
0.75,6.28,7.52,13.76,8.16,-14.02,
0.60,6.41,7.16,2.80,-10.66,-11.39,
0.28,7.74,6.51,-6.68,-31.06,1.13,
0.64,6.70,6.74,-27.85,-30.87,17.48,
0.21,6.13,7.06,-18.19,12.55,22.46,
0.29,6.03,7.20,10.88,46.39,15.66,
0.42,6.09,7.20,3.26,28.57,8.88,
0.53,6.07,7.44,4.54,13.69,5.72,
0.71,6.15,7.27,2.71,5.64,-8.99,
0.55,6.04,8.01,4.46,-23.66,-15.29,
0.35,6.15,6.60,-0.80,-7.15,-18.34,
-0.08,6.37,7.18,0.74,9.13,19.42,
0.21,6.69,6.99,-17.81,17.49,60.30,
0.22,6.89,6.78,-15.99,4.07,45.23,
0.72,6.92,7.22,-5.43,34.86,39.96,
-0.50,6.80,6.67,-3.47,57.96,47.58,
-0.10,6.65,6.15,-1.70,57.10,41.24,
-1.26,6.63,5.19,-15.83,62.62,36.11,
-0.18,8.31,5.77,-45.16,83.27,40.16,
-1.85,8.38,4.94,-25.88,81.30,52.01,
0.38,8.19,8.73,-67.03,80.86,43.85,
-0.22,8.79,4.62,-39.94,60.51,32.34,
-0.44,8.66,3.77,-3.98,10.91,29.48,
-0.47,8.91,4.42,-14.28,-9.06,17.80,
-1.28,8.36,3.68,-11.34,-30.03,18.79,
-1.89,9.29,4.63,-17.45,-11.86,0.52,
-1.82,8.92,3.65,2.61,-3.97,-2.74,
-1.67,8.76,3.88,10.77,-7.45,-2.44,
-1.89,8.84,3.72,13.29,-13.00,-3.02,
-1.76,8.94,3.51,2.11,-14.15,-1.15,
-1.94,8.86,3.24,2.35,-5.18,-0.37,
-1.93,8.81,3.67,2.35,-6.42,0.48,
-1.90,8.77,3.65,-0.97,-2.01,-1.44,
-2.02,8.70,4.03,5.32,-8.53,-2.24,
-1.98,8.44,3.87,7.98,-25.26,-6.76,
-2.07,8.67,4.32,10.89,-19.43,-12.59,
-2.16,8.39,4.54,13.73,-30.52,-18.87,
-1.98,8.10,4.72,13.18,-62.08,-24.67,
-2.17,8.67,4.33,-1.88,-68.01,-33.63,
-1.36,8.53,3.75,6.94,-75.92,-41.26,
-1.58,8.47,4.18,10.91,-55.61,-36.90,
-0.85,9.21,3.68,-1.01,-42.60,-57.31,
-0.38,9.72,3.20,29.91,-44.95,-55.78,
0.98,10.08,4.13,46.24,-66.31,-62.93,
2.91,8.38,3.69,33.27,-55.38,-73.86,
1.46,5.03,5.97,41.46,-14.33,-74.51,
1.79,5.80,6.28,26.06,-49.81,-63.16,
1.77,6.45,6.53,-2.20,-96.63,-39.59,
1.17,7.15,7.39,5.92,-61.93,-22.67,
-0.17,6.89,7.46,11.68,-50.25,-1.70,
0.44,7.71,6.56,0.22,-12.28,-3.67,
0.69,7.24,5.81,-25.57,34.58,5.67,
0.69,7.05,6.77,-7.11,62.02,4.98,
1.73,7.59,6.05,-0.60,14.94,6.52,
1.75,7.43,5.80,6.38,20.05,9.69,
1.66,7.13,5.79,1.14,11.98,7.53,
1.72,7.09,6.08,2.20,-2.38,7.36,
1.66,7.13,6.09,0.88,13.21,2.73,
1.86,7.19,6.20,-3.26,1.02,2.13,
1.70,7.25,5.85,-1.05,0.77,0.82,
1.77,7.33,6.04,-1.01,-1.83,-0.08,
1.77,7.37,6.14,1.13,-8.69,-0.22,
1.61,7.30,6.06,0.37,-6.74,0.12,
1.65,7.31,5.96,-1.29,-5.79,-0.11,
1.54,7.18,5.85,0.62,-1.36,-1.99,
1.63,7.31,6.23,0.40,-0.05,-0.76,
1.71,7.12,6.07,1.19,3.86,0.31,
1.74,7.34,5.95,2.41,-3.14,5.44,
1.54,7.17,5.95,4.18,-10.36,4.38,
1.30,6.87,6.27,1.31,-4.71,1.98,
1.25,6.90,6.28,-3.16,6.14,-3.08,
1.15,7.20,6.26,0.77,-14.11,-0.62,
1.35,7.05,6.25,-0.71,-6.72,1.12,
1.42,7.12,6.38,-1.05,13.04,-0.02,
1.52,7.13,6.23,0.13,4.38,-2.37,
1.87,7.13,6.21,-3.25,9.38,-1.37,
1.75,7.06,6.00,-0.42,1.68,-0.78,
1.98,7.13,6.37,-0.38,3.61,-1.13,
1.94,7.04,6.09,-0.08,1.12,-0.41,
1.92,7.07,6.27,-0.38,-0.45,0.39,
1.69,7.06,6.10,-0.76,-2.46,0.17,
1.70,7.05,6.11,0.68,-2.82,1.09,
1.90,7.07,6.21,-0.27,5.22,0.95,
1.80,7.13,6.15,-0.07,-0.30,0.06,
1.81,7.05,6.22,1.35,0.81,2.09,
1.79,6.98,6.19,-0.05,2.76,1.65,
1.85,7.06,6.04,0.20,-2.01,1.15,
1.70,7.05,6.35,-0.69,-4.22,1.04,
1.73,7.20,6.12,-0.31,-3.33,2.00,
1.56,7.17,6.05,1.37,-6.85,2.65,
1.46,7.02,6.49,1.65,-8.76,3.96,
1.37,6.90,6.39,-0.81,-9.77,3.01,
1.16,7.18,6.38,2.60,-9.56,0.80,
1.16,7.08,6.35,0.40,-1.72,0.09,
1.11,7.08,6.53,-0.51,1.89,0.21,
1.17,7.08,6.40,-0.53,-2.65,-0.50,
1.13,7.06,6.41,-0.05,-2.60,0.27,
1.07,7.02,6.42,-0.82,-0.89,0.49,
1.09,7.09,6.20,-0.65,1.82,0.47,
1.12,7.09,6.33,-1.36,6.50,0.88,
1.18,7.03,6.24,-1.40,2.06,0.41,
1.15,7.13,6.37,-0.52,-1.44,0.55,
1.16,7.09,6.42,-0.26,0.67,0.60,
1.15,7.16,6.24,-0.34,-3.13,0.88,
1.15,7.18,6.35,-0.04,1.21,0.24,
1.10,7.11,6.40,0.35,1.16,0.57,
0.94,7.15,6.39,0.12,-2.30,0.64,
1.21,7.12,6.30,-0.06,-1.85,0.00,
1.06,7.13,6.28,-0.15,2.83,0.36,
1.08,7.05,6.39,-1.01,5.74,-0.35,
1.24,7.24,6.18,-0.31,-5.57,-0.84,
1.06,7.18,6.16,2.70,-7.68,1.58,
1.06,7.21,6.60,-0.26,-0.29,0.77,
0.93,7.00,6.54,0.05,-3.09,-0.66,
1.04,7.12,6.40,-1.77,5.23,-0.61,
1.09,7.14,6.44,-0.70,0.30,0.32,
0.99,6.94,6.07,-6.09,6.09,0.65,
1.32,7.28,6.01,-12.63,33.36,0.45,
1.39,7.13,5.56,-13.30,29.33,-3.08,
2.21,7.53,5.68,-21.21,-1.86,-1.00,
1.84,8.18,5.68,-15.94,-25.34,-1.72,
1.62,8.38,5.61,-19.50,-29.72,1.66,
2.06,8.30,4.80,-8.95,1.36,29.85,
1.51,7.97,4.51,19.05,28.87,57.04,
1.74,9.30,4.07,-15.30,45.61,71.72,
0.00,7.55,5.15,-2.26,80.39,53.42,
-0.73,8.09,5.84,-10.72,109.35,61.16,
-1.58,7.75,6.38,35.81,81.93,66.59,
-1.49,8.27,6.20,32.76,-3.68,68.25,
-1.37,6.26,6.82,16.84,25.57,42.45,
-1.80,5.91,6.46,28.36,38.51,34.76,
-2.18,6.98,6.69,29.73,28.73,32.46,
-2.58,6.91,6.99,26.63,-2.07,16.13,
-1.66,7.01,6.91,-0.53,25.27,29.90,
-0.96,6.24,6.96,-15.36,49.64,49.30,
-0.57,5.90,8.08,-12.95,42.18,63.06,
-0.86,5.94,7.82,-13.32,63.18,69.31,
-1.26,5.39,6.96,-14.83,62.46,65.90,
-0.86,5.60,8.07,-16.02,38.65,55.68,
-2.13,5.40,7.41,-25.83,16.94,40.13,
-2.07,5.44,7.54,-34.47,46.54,18.84,
-1.82,4.37,6.40,-61.72,23.72,-2.46,
-1.47,9.11,6.98,-41.44,-7.17,7.42,
-1.44,7.79,6.26,2.47,-11.95,-1.51,
-1.73,6.80,6.33,20.53,1.97,-8.02,
-1.73,7.09,5.89,7.65,-9.97,-20.21,
-1.68,7.45,6.20,-7.53,-22.16,-23.31,
-1.37,6.81,6.40,-6.12,-33.02,-21.38,
-1.42,6.67,5.75,0.84,-5.43,-20.74,
-0.90,6.84,5.75,17.21,-10.33,-8.28,
-1.48,7.44,5.59,-14.52,-26.14,-12.95,
-1.24,9.16,5.16,-29.92,-37.25,-10.11,
-1.72,8.88,4.23,-32.90,-25.91,-16.11,
-0.59,9.12,3.94,-40.73,44.25,-14.22,
-0.13,9.18,4.34,-30.11,-42.18,-19.79,
-0.37,8.93,3.43,8.32,-41.69,-15.94,
-0.18,9.21,2.97,-8.49,-65.07,-9.63,
-0.43,9.49,3.14,-0.01,-45.22,-20.15,
-0.46,9.04,2.98,7.01,-35.29,-17.41,
-0.52,9.42,3.01,11.94,-19.32,-13.54,
-0.32,9.07,2.84,-0.59,-18.66,-6.90,
-0.55,9.08,3.21,-1.02,-5.10,-1.26,
-0.71,9.17,2.97,-6.12,-0.79,1.27,
-0.40,9.05,2.94,-3.05,-1.88,0.62,
-0.66,9.33,3.14,-5.60,-6.65,-0.86,
-0.49,9.26,2.65,-13.68,-14.64,-4.40,
-0.77,9.17,3.05,-3.56,-1.49,-4.66,
-0.75,9.39,2.52,-7.08,-2.02,-2.07,
-0.66,9.48,2.27,-4.92,4.62,-2.11,
0.05,10.47,1.82,-8.83,6.33,-9.75,
-0.60,10.17,2.40,11.46,-16.58,-3.19,
-0.27,10.23,2.72,72.80,9.45,3.66,
-0.06,9.46,5.89,96.21,37.96,-2.04,
-0.20,6.95,5.56,104.01,7.58,18.31,
-1.50,5.74,7.32,62.93,-18.80,32.80,
-0.94,5.61,8.03,89.48,4.94,21.23,
-1.33,4.63,8.44,58.29,-67.44,19.92,
-2.06,2.43,7.87,35.06,-24.52,-3.86,
-2.07,2.98,8.99,6.76,-2.11,-35.03,
-2.19,2.93,8.58,2.14,-31.17,-52.93,
-2.59,3.61,8.83,3.88,-9.84,-60.52,
-2.49,4.11,8.78,3.99,-26.47,-47.53,
-2.41,4.03,8.71,11.39,-22.47,-39.80,
-2.30,4.03,8.28,14.48,-18.13,-20.26,
-2.62,3.96,8.36,5.58,-3.86,-0.18,
-2.74,4.14,8.43,-0.54,-4.15,7.31,
-2.95,3.74,8.53,-8.86,1.27,20.07,
-2.68,3.77,8.54,-12.92,5.08,29.88,
-2.98,3.42,8.43,-13.14,17.88,27.67,
-3.02,3.53,8.33,-11.38,11.56,22.05,
-3.00,3.59,8.39,-7.03,2.15,16.08,
-3.20,3.71,8.30,-3.19,-4.46,11.03,
-3.26,3.87,8.51,-7.90,5.26,-0.60,
-3.45,3.35,8.32,1.01,-6.85,-10.58,
-3.59,3.96,8.40,7.03,-17.32,-12.54,
-3.33,4.31,8.05,8.06,-14.30,-11.65,
-3.41,4.04,7.68,3.73,-7.02,-8.63,
-3.82,3.81,7.93,-0.67,3.39,-11.19,
-3.87,3.73,8.04,4.24,-4.02,-17.25,
-3.64,4.14,8.33,11.02,-9.91,-15.58,
-3.30,4.03,7.93,14.86,-10.08,-5.61,
-3.26,4.16,8.17,4.72,1.98,-4.79,
-2.95,3.80,8.25,0.55,4.65,-9.45,
-3.01,3.90,8.41,-0.31,3.33,-13.07,
-2.99,3.75,8.57,1.50,1.22,-12.86,
-3.03,4.03,8.57,3.26,-9.13,-15.46,
-2.99,3.90,8.27,3.33,-8.50,-14.38,
-2.65,4.00,8.43,1.49,-7.32,-11.50,
-2.64,3.89,8.38,2.59,-1.15,-6.10,
-2.79,4.08,8.61,-0.89,4.51,-3.42,
-3.07,3.82,8.37,2.12,-1.96,-5.95,
-3.05,4.09,8.38,1.95,-3.85,-1.23,
-2.96,4.07,7.99,-1.06,-4.24,-3.76,
-2.93,3.84,8.25,-4.00,4.31,-5.44,
-2.91,3.91,8.29,-8.94,6.69,-6.90,
-2.99,3.61,7.16,-23.92,14.38,-8.67,
-2.58,4.39,7.51,-33.06,9.11,-17.13,
-2.28,6.53,8.09,-29.36,-11.49,-11.40,
-2.12,6.38,7.46,-11.51,-17.18,10.33,
-1.93,6.56,7.44,-2.63,-2.98,13.08,
-2.28,5.69,6.87,3.25,-18.13,3.79,
-2.76,5.84,7.23,2.67,-6.80,-9.21,
-2.55,5.98,6.87,1.40,-8.86,-24.76,
-3.02,5.82,6.67,0.93,-4.28,-36.56,
-2.35,6.02,7.27,-1.90,-2.94,-46.59,
-1.92,6.52,7.42,1.51,-31.40,-36.67,
-1.79,6.47,7.14,7.22,-16.17,-20.34,
-2.22,7.05,7.10,7.72,-0.17,-5.50,
-2.45,6.75,6.86,-6.79,2.39,7.26,
-1.76,6.82,6.56,-16.20,-10.37,15.44,
-1.77,7.30,6.50,-26.03,5.36,28.58,
-2.09,6.92,6.10,-36.07,27.95,22.22,
-2.14,7.07,6.24,-22.45,33.00,1.49,
-1.49,6.67,6.19,-8.57,11.70,-1.68,
-2.73,7.05,6.77,43.80,-2.28,2.01,
-3.25,6.17,7.53,47.60,-46.59,-1.51,
-2.90,6.00,7.81,29.68,-69.93,-4.56,
-3.37,6.11,6.47,31.46,-53.52,-8.96,
-4.86,6.48,6.40,21.29,-21.37,-13.45,
-3.67,6.14,6.04,7.37,-6.96,-6.04,
-4.83,5.84,6.98,6.15,5.00,4.04,
-4.69,6.48,7.84,13.09,-2.63,45.26,
-6.39,4.18,8.43,33.45,-10.89,67.18,
-4.73,4.67,7.67,48.95,5.06,68.36,
-4.58,3.38,7.39,57.32,28.66,62.16,
-4.58,1.39,8.61,71.86,4.32,58.61,
-4.37,-1.47,7.23,57.82,-22.18,43.66,
-4.17,-3.15,5.96,-2.08,15.35,18.52,
-5.55,-2.58,6.80,-11.50,-0.65,21.29,
-4.99,-2.77,6.38,-40.21,8.87,-2.84,
-4.87,-3.31,6.55,-82.36,81.79,-46.18,
-2.98,0.86,8.89,-82.11,26.46,-38.83,
-2.95,3.41,10.66,-49.22,-30.11,-16.96,
-1.83,6.75,9.29,-64.11,-44.01,-19.69,
-0.86,6.54,7.23,-61.70,22.74,-30.34,
-1.99,7.72,8.36,-48.95,25.29,-32.67,
-1.05,5.90,7.90,-21.99,26.57,-24.99,
0.18,6.76,7.46,-27.10,31.11,-15.60,
0.56,6.39,7.04,-22.76,15.75,-4.96,
0.66,6.63,6.55,-18.67,22.31,9.36,
0.54,8.50,7.19,-25.00,-6.93,27.71,
0.35,7.44,6.07,-10.24,-8.27,21.47,
-0.11,8.17,6.14,-23.84,-11.41,30.27,
-0.64,7.25,5.82,1.18,-3.12,22.99,
-0.91,6.13,6.05,20.79,24.71,13.54,
-1.06,7.71,6.00,28.11,5.66,26.86,
-0.54,7.51,5.65,-7.44,-5.64,12.27,
-1.47,6.93,6.04,-39.20,-3.65,32.65,
-3.92,9.85,6.15,-45.37,-27.60,37.62,
-2.46,7.72,4.68,-12.48,-16.04,10.82,
-3.06,7.99,3.61,-11.08,-47.10,19.62,
-2.51,8.03,4.13,33.24,-15.48,10.37,
-2.98,7.20,4.02,36.84,-0.97,-4.84,
-3.92,7.02,5.07,37.06,-3.12,-1.23,
-3.97,6.92,5.84,4.17,-3.03,9.23,
-3.40,7.11,5.33,8.39,-20.50,9.62,
-3.61,7.06,5.07,1.40,-3.82,4.11,
-4.23,6.78,5.09,-2.14,-9.29,-1.04,
-3.99,7.21,5.24,-9.28,-6.39,-5.68,
-3.98,7.62,5.05,-2.69,9.08,-6.08,
-3.86,7.74,4.46,-5.27,-10.60,-14.17,
-2.24,7.73,4.51,-15.09,41.88,-32.97,
-3.58,7.60,6.56,-13.52,36.10,-7.07,
-2.02,7.28,5.23,-8.38,8.50,2.33,
-1.81,7.29,5.50,-1.21,5.06,3.04,
-2.51,7.96,5.71,-0.17,-22.01,2.80,
-2.66,7.91,5.29,-5.51,-35.84,-0.81,
-2.43,7.89,5.04,-0.42,-7.91,-0.41,
-2.71,7.93,5.38,0.89,23.03,-2.30,
-2.73,7.77,5.28,-3.75,21.91,2.66,
-2.31,8.05,4.90,-7.35,3.54,0.26,
-2.28,8.07,5.07,-11.16,20.74,-0.35,
-2.02,7.86,5.30,-1.75,16.51,-2.99,
-1.89,7.89,5.37,2.02,15.07,-1.26,
-1.85,7.94,5.44,2.77,6.20,-0.72,
-1.54,7.94,5.23,1.92,5.37,-3.59,
-1.51,7.77,5.39,3.19,1.02,-2.70,
-1.43,8.45,5.46,-2.47,6.71,-5.10,
-1.40,8.21,5.33,2.28,-0.52,0.63,
-1.42,8.13,5.31,5.36,-8.13,-0.10,
-1.71,7.78,5.34,12.71,-0.19,-0.31,
-1.58,7.51,5.61,21.00,6.07,-0.21,
-1.16,6.97,4.84,-7.97,7.67,1.94,
-1.24,8.12,5.61,-29.02,-2.07,0.47,
-1.39,7.91,5.69,-10.90,0.81,0.54,
-1.59,7.74,5.47,8.41,3.38,-5.18,
-1.95,7.45,5.30,13.29,3.22,-3.20,
-1.66,7.79,5.42,-1.72,-0.84,-1.01,
-1.26,7.63,5.53,-1.60,-2.83,0.62,
-1.37,8.20,5.66,3.12,-3.94,0.81,
-1.37,7.92,5.09,9.96,-0.86,-8.13,
-0.93,8.04,5.32,-7.95,-5.30,-3.12,
-1.51,7.95,5.66,-8.38,12.66,-2.63,
-1.36,7.84,6.09,1.62,2.97,-1.15,
-0.88,8.18,5.73,0.45,-1.27,0.25,
-1.24,8.24,6.09,10.32,-7.21,1.69,
-1.37,7.37,5.33,6.11,-4.38,1.11,
-1.05,8.14,5.88,1.78,8.10,-0.26,
-1.39,7.44,5.47,-0.88,-1.76,0.41,
-1.19,7.77,5.51,-1.15,2.71,1.82,
-1.30,7.53,5.57,-1.38,-2.09,3.33,
-1.18,7.79,5.73,-2.41,3.28,1.04,
-1.20,7.84,5.72,-1.92,-1.20,0.38,
-1.21,7.73,5.73,5.84,1.63,0.02,
-1.22,7.82,5.49,-2.41,1.03,0.30,
-1.33,7.92,5.44,-5.34,-0.48,0.84,
-1.15,8.34,5.61,-7.92,3.40,0.18,
-1.12,8.07,5.38,-0.33,0.17,-0.18,
-0.95,7.96,5.26,-1.86,0.40,-0.26,
-1.13,7.99,5.36,-2.44,3.63,-0.56,
-1.16,8.10,5.31,-4.87,5.10,-1.10,
-1.51,8.55,5.89,5.58,-11.56,-1.13,
-1.73,7.21,6.27,27.83,-15.51,13.89,
-1.98,7.09,6.40,21.35,-8.52,9.78,
-1.98,7.29,6.06,10.15,-18.40,5.68,
-2.00,7.09,5.76,6.69,-13.40,-0.19,
-2.43,7.00,6.14,2.45,-11.25,2.22,
-2.72,7.38,6.32,-1.79,-13.09,0.31,
-2.75,7.21,5.73,-9.72,-0.39,-3.26,
-2.32,7.15,5.54,-5.79,1.68,-5.39,
-2.45,8.05,6.45,-6.13,19.19,-12.41,
-1.85,7.06,6.57,17.77,8.67,-27.60,
-1.79,6.63,5.96,26.77,27.03,-20.36,
-1.49,7.57,6.03,-7.14,-20.83,-8.15,
-1.65,7.35,5.65,-3.12,-18.33,4.16,
-0.81,6.94,5.91,1.17,-2.86,1.28,
-0.90,7.08,6.42,6.90,15.18,-1.58,
-1.14,7.80,6.17,9.86,16.93,2.14,
-0.71,7.00,6.90,-1.59,-5.96,-4.81,
-1.50,7.34,5.82,4.93,-3.06,-3.04,
-1.17,7.70,5.97,-5.28,-5.84,-0.13,
-1.79,8.20,5.79,-14.64,-6.92,7.25,
-1.60,8.03,6.37,-4.85,11.30,20.01,
-0.84,6.86,6.58,10.89,19.96,16.97,
-1.08,6.74,6.58,10.42,17.84,12.96,
-1.27,7.03,6.71,-2.59,2.26,5.07,
-0.91,6.91,6.33,1.42,-2.84,0.43,
-1.48,6.67,6.42,9.59,-11.10,-1.23,
-1.79,7.84,6.16,-7.92,-4.52,-6.20,
-1.55,7.30,6.82,-19.07,-13.88,4.95,
-2.18,6.72,5.15,-4.27,6.15,9.15,
-1.09,7.24,5.68,-10.71,-1.26,3.77,
-1.61,6.81,6.70,6.62,-6.75,6.45,
-1.70,7.44,5.78,-1.25,1.81,1.54,
-1.51,7.13,6.56,-2.24,0.63,4.81,
-1.43,7.39,6.10,-3.67,2.59,-0.81,
-1.79,7.32,6.44,6.97,4.22,-4.73,
-1.00,7.04,6.13,5.24,6.91,-3.72,
-1.12,6.69,6.79,19.96,-10.43,-5.26,
-1.44,7.00,5.63,-7.46,-26.31,-10.86,
-1.78,7.39,6.18,-13.95,-7.09,0.42,
-1.35,7.81,6.43,0.04,15.70,3.95,
-1.05,6.13,5.79,5.52,-6.36,-0.86,
-2.24,7.19,6.72,7.44,14.11,3.07,
-1.52,7.67,6.42,-22.16,11.53,3.07,
-1.32,7.37,6.85,-12.71,-0.52,2.49,
-1.77,7.60,6.59,2.02,6.64,-2.41,
-1.24,7.40,6.14,-4.88,-3.87,3.16,
-1.25,7.12,6.34,0.69,4.01,6.15,
-1.17,7.44,6.64,8.90,-3.22,-6.95,
-1.44,7.17,6.82,10.75,0.25,-6.63,
-0.90,7.00,7.12,3.93,-5.83,-14.81,
-0.64,6.67,6.56,19.81,-14.51,-15.59,
-0.86,6.10,7.33,13.78,-12.31,-25.59,
-0.52,6.32,7.46,3.19,-37.28,-34.13,
-0.66,7.13,6.43,2.45,-28.42,-30.15,
-1.18,7.11,6.40,8.24,-24.32,-13.82,
-1.19,7.59,6.56,1.76,-9.78,1.25,
-1.38,7.61,6.37,-24.52,8.37,14.42,
-1.00,7.24,6.35,-7.18,24.52,34.24,
-1.00,7.36,6.85,-7.18,41.16,37.99,
-0.69,6.71,7.04,-6.91,32.80,29.29,
-1.01,6.54,7.48,-0.73,23.19,14.81,
-0.81,6.43,7.26,5.41,-3.94,4.20,
-1.11,7.16,6.36,-2.64,-9.50,0.01,
-0.41,6.36,6.55,-12.17,2.40,-7.46,
-0.49,6.74,6.82,6.16,-10.25,-1.65,
-0.79,6.58,6.74,-4.83,-4.30,-9.14,
-1.51,6.77,6.09,1.18,-3.44,-10.03,
-0.97,6.52,7.00,7.19,-9.57,-10.51,
-0.80,6.42,7.19,5.57,-3.53,-16.41,
-0.75,6.62,6.97,1.51,-13.09,-21.26,
-0.68,6.87,6.85,0.40,-18.58,-21.11,
-0.55,6.85,6.93,3.49,-20.49,-18.65,
-1.20,7.38,6.53,1.53,-17.55,-11.86,
-0.43,7.32,5.42,-8.96,-0.30,1.60,
-0.70,7.15,5.69,-10.13,17.71,17.21,
-0.23,6.98,6.11,-8.21,35.88,23.84,
-0.39,6.63,6.81,-3.12,33.36,25.20,
-0.48,6.94,7.03,2.75,28.47,19.63,
-0.91,6.01,7.35,0.46,25.51,11.45,
-0.96,6.64,7.71,13.63,-9.10,0.85,
0.50,6.44,6.27,2.48,-3.53,-13.09,
-1.61,6.85,7.04,12.58,-25.62,1.37,
-1.24,6.46,6.18,5.80,-6.40,10.17,
-0.42,6.48,6.00,-12.76,31.67,7.10,
-0.96,6.78,6.88,-15.82,22.47,4.79,
0.07,7.44,5.90,-17.65,10.90,2.39,
-0.04,7.00,6.02,-5.69,34.52,10.07,
-0.38,6.57,5.53,-17.88,32.10,20.54,
2.29,9.22,7.14,-14.88,61.88,20.84,
-0.48,9.65,5.94,-14.49,61.34,19.76,
0.24,8.55,5.31,47.53,51.84,25.99,
0.66,8.13,4.26,-61.56,52.40,77.70,
1.35,9.39,2.96,-36.49,49.44,50.04,
0.92,9.38,2.91,12.36,15.17,10.82,
0.88,8.80,4.87,5.54,-3.81,-6.56,
0.54,7.21,5.85,32.77,45.11,7.02,
0.05,6.96,6.55,35.48,82.34,37.95,
-0.13,8.06,5.96,61.87,120.69,55.60,
-0.10,7.25,6.88,32.55,4.80,43.21,
-1.17,5.56,7.16,7.73,-34.59,15.07,
-0.69,6.31,7.05,5.02,-4.74,20.75,
-1.11,5.85,7.48,8.40,2.04,9.24,
-1.07,6.37,7.70,13.03,3.77,-6.76,
-0.60,6.51,6.98,14.18,-2.27,-13.05,
-0.83,6.14,7.20,16.09,-28.62,-18.24,
-0.70,5.06,7.46,3.99,-10.79,-25.13,
0.52,5.16,7.39,1.57,-20.95,-55.96,
0.55,5.84,7.53,1.68,-39.03,-75.86,
0.32,6.99,7.35,9.71,-22.33,-62.10,
-0.32,5.96,7.48,-6.61,-32.27,-49.80,
1.00,6.47,8.01,-16.32,-0.17,-39.03,
1.48,6.41,7.99,-7.64,-19.42,-28.87,
0.85,5.59,7.35,7.47,-23.78,-17.66,
0.79,5.76,7.36,8.00,-15.96,-8.26,
0.69,5.98,7.28,-2.05,-5.84,3.54,
0.67,5.77,7.67,3.73,8.44,6.77,
0.40,5.47,8.10,-1.49,-0.73,3.84,
0.20,5.86,7.35,7.70,-53.19,-0.60,
-0.02,6.12,7.17,-10.72,-1.17,10.75,
0.48,5.87,7.33,5.38,-1.15,1.64,
-0.44,5.82,8.05,-3.09,-8.57,0.23,
-0.85,5.84,8.25,-15.07,-28.16,8.91,
-1.46,5.50,7.94,-18.46,-83.52,10.29,
-0.95,5.10,7.58,-18.66,-127.41,-7.82,
-2.37,5.28,7.26,20.88,32.94,-21.45,
-3.36,4.77,7.08,4.35,17.36,-30.27,
-1.04,4.92,8.39,1.25,-89.23,-30.14,
-0.78,5.44,7.90,-4.99,-48.19,-26.34,
0.12,6.11,7.94,-12.51,-42.37,-24.97,
-0.35,5.21,7.39,-5.50,-3.36,-18.62,
-0.13,4.74,8.05,-1.90,-8.15,-21.20,
-0.17,4.16,8.34,2.91,-13.43,-17.60,
0.14,5.35,8.16,8.52,-76.40,-26.10,
0.66,5.49,7.91,12.61,-24.71,-31.01,
-0.32,5.77,7.36,18.03,-23.25,-30.27,
-0.18,5.67,7.45,7.18,-15.77,-20.85,
0.21,6.36,8.51,2.73,1.52,-9.99,
-0.34,4.99,8.14,6.54,0.90,-13.65,
-0.39,5.29,8.27,0.67,-18.98,-11.86,
-0.87,5.01,9.12,6.39,-4.96,-13.98,
-0.85,4.76,8.84,15.02,-59.13,-26.39,
-0.62,4.93,8.86,6.90,-77.88,-35.71,
-0.58,4.43,8.44,16.53,-77.70,-20.88,
-1.62,3.92,7.76,13.71,-47.43,-32.72,
-2.44,3.61,7.77,9.92,-51.84,-30.16,
-2.99,3.59,7.56,3.85,-19.75,-13.94,
-3.33,3.99,7.93,-6.95,-15.07,-10.60,
-3.41,4.47,8.26,-4.74,-7.60,-9.75,
-3.45,4.25,7.78,-2.21,-5.17,-6.56,
-3.87,4.28,7.70,-0.20,-3.14,-4.47,
-3.28,4.43,7.19,-0.72,0.16,2.48,
-1.56,5.35,7.33,-2.11,47.65,40.37,
-0.05,4.92,7.58,-0.57,89.36,69.77,
0.32,4.11,9.68,-20.77,205.89,83.07,
-1.52,3.10,9.19,-72.28,36.12,84.47,
1.10,4.84,9.18,-79.35,32.19,57.41,
-0.41,5.57,9.08,-68.29,27.28,30.57,
0.51,5.98,7.36,-39.17,-50.72,2.99,
0.83,7.57,6.79,-49.31,-7.40,1.65,
-1.36,7.64,6.48,-45.26,-46.97,10.85,
-0.06,7.44,5.85,-17.80,-52.68,14.51,
-0.67,9.37,5.25,-54.92,-35.43,27.70,
-1.40,8.89,3.83,-17.24,5.55,30.60,
-1.62,9.24,3.58,-36.82,42.07,37.88,
-1.87,9.55,3.10,-29.44,68.00,20.04,
-1.82,8.87,3.29,-0.12,62.06,12.02,
-1.61,8.72,4.08,-5.98,36.57,14.93,
-2.20,8.75,3.83,-12.15,16.51,9.06,
-2.57,8.98,3.53,-5.91,29.36,14.45,
-2.86,8.88,3.48,-13.96,5.13,16.10,
-2.36,8.25,3.46,-9.84,16.30,20.11,
-2.42,8.72,3.28,-13.17,13.28,20.85,
-2.37,9.11,3.55,-2.73,21.06,11.65,
-2.48,8.42,3.81,3.31,20.03,7.27,
-2.95,8.57,3.69,3.30,-0.06,2.27,
-2.81,8.34,3.71,3.04,-9.26,1.23,
-2.46,8.52,3.77,10.89,-20.68,-1.16,
-2.66,8.65,3.55,17.35,-38.67,-8.40,
-2.98,8.69,3.56,18.93,-32.84,-11.02,
-3.24,8.51,3.29,18.09,-28.58,-6.48,
-3.30,8.35,3.49,10.42,-12.98,-2.84,
-3.07,8.26,3.79,-2.58,-2.21,-1.10,
-3.18,8.47,3.66,5.92,3.99,1.79,
-2.85,8.38,4.02,3.53,9.92,-2.70,
-3.25,8.42,4.05,-10.74,15.61,1.79,
-2.61,8.19,4.30,-14.17,4.44,0.67,
-2.88,8.47,4.22,-3.81,-3.37,1.34,
-3.08,8.62,3.85,4.26,-9.59,3.79,
-3.00,8.32,3.79,3.13,-1.63,5.81,
-2.64,8.13,3.94,-5.43,5.30,1.01,
-2.93,8.53,3.86,-3.89,4.14,-2.56,
-3.04,8.40,3.75,-0.90,-7.54,-1.75,
-2.73,8.51,3.76,1.11,-5.94,-2.81,
-2.92,8.54,3.62,-0.63,-14.68,-6.20,
-3.09,8.43,3.52,1.12,-24.98,-7.10,
-2.76,8.48,3.55,3.59,-15.86,-9.82,
-3.44,8.95,3.51,10.99,-20.40,-3.57,
-3.16,8.46,2.91,9.57,-2.28,1.05,
-2.97,8.43,3.51,1.46,7.89,0.70,
-2.87,8.41,3.59,-11.68,23.34,2.62,
-2.73,8.54,4.05,-13.03,18.49,3.81,
-2.73,8.77,4.13,-3.48,9.84,2.85,
-2.89,8.34,4.07,-0.69,8.58,5.48,
-2.70,8.53,3.87,-0.88,0.25,2.80,
-2.70,8.36,3.89,2.02,3.19,-2.07,
-2.76,8.53,3.97,1.69,-9.14,-2.60,
-2.85,8.56,3.82,5.84,2.30,-0.71,
-2.84,8.36,3.97,1.08,2.75,0.83,
-2.70,8.50,3.89,-3.15,8.71,0.51,
-2.69,8.40,4.02,0.48,7.51,-0.75,
-2.65,8.42,4.10,-1.07,4.24,-1.86,
-2.48,8.35,3.99,-3.20,2.83,-3.55,
-2.48,8.54,4.02,-3.65,6.40,-6.76,
-2.44,8.39,4.11,1.39,-0.32,-11.29,
-2.40,8.83,3.84,9.21,-7.91,-5.09,
-1.94,8.25,3.85,3.11,-0.43,-5.79,
-1.97,8.75,3.66,-3.82,8.51,-4.65,
-1.82,8.40,4.11,1.06,-1.69,-4.11,
-1.64,8.77,3.93,3.27,8.27,-1.59,
-1.38,8.77,4.11,1.22,-5.28,-4.68,
-1.60,8.94,4.14,2.71,-10.96,-2.70,
-1.53,8.50,4.14,0.19,11.35,1.35,
-1.35,8.45,4.13,-4.61,11.86,5.28,
-1.24,8.76,4.16,-4.97,21.16,8.02,
-1.34,8.61,4.22,-4.66,21.12,6.83,
-1.24,8.85,4.34,-6.84,29.14,7.21,
-1.47,8.38,4.57,0.31,1.88,-0.81,
-1.53,8.57,4.49,-7.18,4.81,2.58,
-1.34,8.65,4.30,-0.84,-19.67,-1.39,
-1.38,8.60,4.09,2.98,-10.38,-2.55,
-1.44,9.04,4.00,3.47,-9.35,-3.40,
-1.61,8.73,3.94,5.36,-4.17,-2.12,
-1.65,8.62,3.76,-0.35,-9.60,-2.94,
-1.68,8.79,3.91,-6.15,3.11,1.86,
-1.63,8.78,4.05,-6.13,-1.13,1.20,
-1.58,8.80,3.97,-4.39,-2.07,1.45,
-1.69,8.91,3.95,0.45,-6.45,0.31,
-1.76,8.63,3.71,4.28,-9.13,-3.08,
-1.79,8.81,3.89,0.12,-23.09,-8.32,
-1.82,8.87,3.83,3.90,-14.39,-3.27,
-1.64,8.78,3.74,9.28,0.74,2.45,
-1.67,8.96,3.83,6.45,-3.08,-0.40,
-1.80,8.64,3.69,1.46,16.65,4.54,
-1.86,8.64,3.93,-5.80,16.13,5.94,
-1.83,8.46,4.04,-8.78,10.52,4.68,
-1.62,8.63,4.22,-7.18,1.82,1.92,
-1.65,8.68,4.20,-1.01,-1.30,0.00,
-1.68,8.73,4.00,5.49,-5.52,-2.15,
-1.83,8.70,3.86,7.11,-6.62,-2.63,
-1.93,8.75,3.60,3.89,-8.60,-2.88,
-1.93,8.71,3.96,-1.84,-0.58,-1.15,
-1.88,8.70,3.95,0.37,1.44,0.21,
-1.69,8.61,4.27,2.29,0.87,1.77,
-1.74,8.42,4.08,0.92,-1.25,0.95,
-1.76,8.56,4.10,-0.17,0.72,-0.25,
-1.86,8.56,3.97,-1.37,-0.98,-0.95,
-1.84,8.63,4.21,0.57,0.38,-0.17,
-1.90,8.63,4.09,0.52,0.27,0.67,
-1.80,8.60,4.12,-1.15,0.52,0.97,
-1.80,8.65,4.09,-1.00,2.00,0.85,
-1.87,8.65,4.06,-0.52,-0.45,1.15,
-1.87,8.60,4.21,-0.42,-0.04,0.51,
-1.76,8.62,4.05,-1.15,0.03,0.03,
-1.81,8.65,3.96,-0.11,-0.03,-0.52,
-1.87,8.65,3.99,0.59,1.68,-0.05,
-1.82,8.65,4.08,-0.69,0.60,1.29,
-1.80,8.59,3.91,-2.07,0.29,1.15,
-1.81,8.65,3.93,-0.43,-1.04,-0.47,
-1.97,8.63,4.02,1.37,-0.41,-0.60,
-1.93,8.73,4.00,-0.38,-1.60,-0.28,
-1.87,8.65,3.97,-0.85,0.80,0.84,
-2.00,8.85,3.56,-1.15,8.42,1.97,
-2.08,9.89,3.54,5.24,6.35,3.91,
-1.61,9.09,4.99,43.86,10.45,0.88,
-1.28,8.02,5.87,73.45,-8.53,-1.10,
-0.24,5.86,6.86,71.08,9.37,-7.26,
-1.23,4.99,7.57,59.61,-4.75,-21.95,
-0.93,5.09,7.56,43.95,-14.54,-40.47,
-1.32,5.00,7.69,32.24,-31.00,-55.57,
-1.21,5.17,7.99,22.75,-44.90,-60.92,
-1.49,5.05,8.05,18.85,-29.50,-28.87,
-1.77,4.44,8.46,14.26,2.58,14.00,
-1.49,3.99,8.88,4.69,8.56,33.85,
-0.92,4.01,8.90,1.10,15.66,36.75,
-0.44,3.68,8.63,-2.42,13.10,34.84,
-0.79,3.52,8.61,-3.61,26.16,24.47,
-1.37,3.65,8.69,-9.31,21.52,32.08,
-1.51,3.94,8.52,-8.04,3.08,41.63,
-1.71,3.95,8.92,-18.02,-4.54,43.66,
-1.84,3.47,8.67,-7.00,-0.67,44.58,
-1.84,3.73,8.55,0.58,16.42,46.24,
-1.86,3.50,8.58,-2.96,16.67,26.10,
-1.90,3.08,8.99,-3.15,18.72,5.78,
-1.90,3.51,9.22,4.20,-13.76,-8.19,
-1.88,3.43,8.64,7.66,-15.60,-7.37,
-1.59,4.04,8.45,3.28,-9.41,-6.95,
-2.03,3.84,8.71,1.15,-3.49,-7.77,
-1.91,3.93,8.61,-0.61,-8.16,-1.78,
-1.75,3.86,8.49,-0.98,8.85,5.89,
-1.75,3.80,8.66,-3.07,11.46,7.84,
-1.65,3.80,8.62,-2.00,6.05,5.62,
-1.73,3.89,8.64,-1.95,-2.50,-0.60,
-1.76,4.06,8.70,-7.57,3.21,-3.14,
-1.68,3.87,8.62,-2.64,2.00,0.43,
-1.66,4.09,8.62,-0.88,3.32,2.84,
-1.62,3.94,8.58,-0.18,0.17,2.42,
-1.62,3.93,8.63,0.88,0.26,1.63,
-1.57,3.90,8.67,0.16,-1.10,0.70,
-1.57,3.86,8.73,0.15,-2.28,-2.02,
-1.63,3.97,8.80,-0.11,-1.75,-3.16,
-1.61,4.04,8.55,0.23,-1.54,-1.68,
-1.58,3.95,8.61,-0.86,-1.39,-0.49,
-1.56,3.94,8.66,1.01,0.25,0.17,
-1.62,4.04,8.64,-0.57,2.86,1.96,
-1.58,3.90,8.63,0.57,3.18,2.31,
-1.56,3.97,8.70,-0.79,2.38,1.15,
-1.61,3.93,8.61,-0.66,0.62,0.64,
-1.61,4.02,8.71,-0.16,-2.00,-0.29,
-1.66,3.88,8.59,-0.13,1.12,0.71,
-1.67,4.01,8.76,1.70,0.79,3.70,
-1.80,4.02,8.68,-1.72,5.77,6.70,
-1.98,4.25,8.23,-9.88,9.30,21.53,
-1.75,4.21,8.39,-19.38,49.73,38.30,
-2.24,3.98,7.50,-49.59,5.23,38.11,
-1.69,5.26,7.55,-60.90,25.09,27.60,
-2.13,5.40,6.89,-63.95,2.40,18.06,
-2.55,6.81,5.87,-73.52,-65.27,5.09,
-3.35,8.72,4.78,-83.24,-26.28,-13.51,
-3.60,10.34,3.47,-37.38,-51.97,-32.55,
-3.53,8.76,2.87,-15.54,42.57,-20.27,
-3.75,9.20,2.69,-9.74,0.39,-4.38,
-2.88,8.93,2.80,6.35,-1.43,13.21,
-2.40,8.89,2.84,3.40,10.87,8.72,
-2.43,8.79,3.12,-1.67,4.39,-2.35,
-2.60,8.88,3.17,-6.71,0.80,-5.22,
-2.80,8.98,3.01,5.51,-8.17,-5.16,
-2.78,8.92,3.08,9.72,-8.84,-1.03,
-2.64,8.79,3.19,7.45,-3.04,0.03,
-2.60,8.90,3.25,4.70,-2.19,-0.96,
-2.70,8.94,3.15,6.05,-1.92,-0.33,
-2.57,8.73,3.49,13.50,-0.76,0.28,
-2.58,8.51,3.68,11.92,-1.58,2.34,
-2.53,8.54,3.50,11.81,18.80,3.01,
-2.24,8.62,4.05,2.00,23.55,-6.37,
-2.14,8.41,4.45,-4.29,-13.29,-8.40,
-2.58,8.73,4.26,1.14,-10.38,-1.29,
-2.90,8.57,3.69,16.23,-20.42,3.96,
-3.52,8.33,4.39,20.77,6.85,3.63,
-3.13,6.84,5.62,4.66,50.15,-0.87,
-2.92,7.66,5.33,6.72,-33.18,-15.38,
-2.43,6.87,5.47,11.14,-35.79,-28.25,
-2.44,9.03,5.14,-0.81,-74.01,-38.64,
-2.11,8.26,4.39,32.03,-40.01,-34.64,
-1.15,8.72,4.54,32.57,-65.56,-37.96,
-1.36,9.53,5.06,43.23,-58.83,-39.61,
-1.54,8.96,6.09,80.58,-57.09,-41.52,
-1.78,5.64,6.37,77.69,-5.89,-9.50,
-1.98,6.42,6.56,20.64,17.04,24.03,
-1.26,5.30,8.36,28.27,35.58,18.00,
-2.48,3.70,7.19,11.01,11.14,32.54,
-1.13,4.55,8.32,-19.77,13.77,14.32,
-0.72,5.65,8.81,-10.64,2.60,-4.16,
-0.86,4.82,7.99,-0.55,2.21,-0.25,
-1.25,5.65,8.19,-4.76,11.11,6.70,
-1.76,5.02,7.98,3.18,-6.09,0.53,
-1.66,5.10,8.29,3.84,3.32,6.43,
-1.24,4.50,8.20,3.52,-0.60,9.53,
-1.38,4.87,8.15,5.54,-1.44,1.35,
-1.49,4.88,8.15,1.84,-3.07,-2.35,
-1.46,4.85,8.01,-2.33,-1.43,-0.85,
-1.40,4.96,8.05,-3.45,-3.17,0.29,
-1.36,4.99,8.16,-6.22,2.56,-2.14,
-1.38,4.93,8.02,-11.23,7.92,0.46,
-1.18,5.03,8.08,-10.19,1.40,-6.49,
-1.06,5.31,8.02,-8.09,-4.88,-9.34,
-1.16,5.68,7.83,-7.53,-11.15,-8.09,
-0.78,5.29,8.21,13.92,-1.51,-5.50,
-1.09,5.64,7.75,-1.00,0.91,-0.49,
-1.12,5.58,7.90,-0.58,2.60,1.00,
-1.27,5.54,7.93,1.14,-5.53,-0.66,
-1.37,5.60,7.79,0.36,-0.84,-0.23,
-1.33,5.61,7.75,0.21,-2.29,-0.50,
-1.31,5.53,7.83,-0.20,-0.14,-0.81,
-1.35,5.57,7.80,0.23,-4.56,-1.27,
-1.33,5.54,7.76,0.47,-2.07,-1.46,
-1.45,5.52,7.66,0.05,-2.71,0.18,
-1.42,5.56,7.89,0.25,-0.63,-0.53,
-1.40,5.60,7.66,-0.29,-0.79,-0.36,
-1.39,5.65,7.51,-0.31,-1.04,-0.27,
-1.36,5.57,7.93,-0.27,5.39,1.06,
-1.36,5.61,7.84,-0.16,-0.35,-0.10,
-1.41,5.68,7.72,-0.41,-0.51,0.25,
-1.28,5.58,7.67,-0.27,1.15,0.74,
-1.36,5.63,7.63,-0.78,1.20,1.11,
-1.35,5.55,7.75,-0.09,-0.08,0.88,
-1.34,5.54,7.70,-0.03,1.22,0.21,
-1.37,5.57,7.69,0.10,-0.61,0.57,
-1.32,5.60,7.62,-0.14,0.84,0.16,
-1.35,5.55,7.73,-0.26,1.98,0.03,
-1.27,5.53,7.87,0.76,-1.50,-0.42,
-1.32,5.55,7.76,-0.49,0.82,-0.09,
-1.33,5.59,7.60,-0.08,-0.57,-0.13,
-1.29,5.53,7.71,0.24,-0.30,-0.50,
-1.31,5.55,7.75,0.30,-1.16,-0.65,
-1.32,5.63,7.80,0.13,-0.95,-0.26,
-1.31,5.57,7.81,0.28,-1.02,-0.46,
-1.35,5.51,7.81,0.12,2.71,0.55,
-1.28,5.53,7.75,0.25,-1.07,-0.99,
-1.32,5.54,7.77,0.21,-1.78,-1.05,
-1.31,5.54,7.77,0.11,-0.97,-0.39,
-1.35,5.58,7.82,-0.03,-1.05,-0.09,
-1.32,5.53,7.88,0.05,-1.68,-0.11,
-1.37,5.59,7.89,0.07,-1.03,0.13,
-1.34,5.56,7.83,-0.37,-2.05,0.52,
-1.42,5.53,7.89,0.05,-0.81,0.11,
-1.39,5.56,7.78,-0.37,1.30,0.63,
-1.41,5.57,7.81,-0.60,0.88,0.88,
-1.36,5.52,7.63,-0.01,1.01,0.82,
-1.33,5.56,7.70,0.10,1.68,0.37,
-1.30,5.58,7.72,-0.18,3.11,1.13,
-1.28,5.58,7.84,0.01,0.86,0.28,
-1.32,5.53,7.52,-0.23,-1.28,0.38,
-1.31,5.55,7.89,0.43,-2.34,0.12,
-1.29,5.55,7.66,-0.05,1.09,0.54,
-1.28,5.55,7.72,0.01,-0.47,0.48,
-1.34,5.52,7.75,-0.42,1.05,0.68,
-1.32,5.56,7.91,-0.32,0.44,0.97,
-1.36,5.58,7.78,-0.16,1.00,0.75,
-1.34,5.59,7.80,-0.01,-0.31,0.74,
-1.34,5.54,7.80,0.44,-2.58,0.08,
-1.53,5.55,7.72,-0.64,0.61,0.19,
-1.33,5.48,7.73,-0.20,-1.37,0.06,
-1.39,5.57,7.74,-0.04,-1.43,-0.40,
-1.35,5.59,7.79,-0.48,0.25,-0.21,
-1.38,5.53,7.74,0.11,2.12,0.28,
-1.39,5.50,7.80,-0.46,-0.02,-0.71,
-1.38,5.41,7.70,0.08,-4.79,-2.25,
-1.33,5.62,7.58,-0.24,0.14,-0.81,
-1.40,5.58,7.89,0.27,-0.05,-0.48,
-1.35,5.55,7.67,0.06,2.80,0.98,
-1.36,5.51,7.74,-0.25,3.01,0.69,
-1.31,5.54,7.75,-0.43,0.71,-0.13,
-1.29,5.54,7.62,0.27,0.17,-0.32,
-1.25,5.59,7.75,0.45,0.67,0.21,
-1.25,5.53,7.73,0.11,-1.44,0.45,
-1.28,5.53,7.78,-0.37,1.50,1.15,
-1.23,5.53,7.80,-0.29,0.38,0.17,
-1.29,5.51,7.62,0.31,-1.08,0.45,
-1.27,5.56,7.72,0.17,-1.58,0.35,
-1.28,5.66,7.90,-0.31,-1.37,1.22,
-1.32,5.54,7.84,-0.71,-0.67,0.74,
-1.31,5.50,7.67,-0.68,0.23,1.10,
-1.34,5.50,7.70,-0.74,-0.41,0.60,
-1.39,5.53,7.72,-0.03,-3.20,-0.81,
-1.40,5.52,7.76,-0.60,-1.51,0.96,
-1.38,5.50,7.79,-0.11,0.49,0.60,
-1.42,5.57,7.74,0.02,0.45,-0.05,
-1.37,5.56,7.95,-0.20,0.90,0.74,
-1.40,5.55,7.86,-0.38,-0.26,0.56,
-1.47,5.46,7.80,-0.19,-0.44,0.10,
-1.41,5.55,7.81,-0.30,-0.41,-0.23,
-1.40,5.63,7.62,-0.01,-2.21,-0.48,
-1.43,5.59,7.78,-0.62,0.01,1.19,
-1.47,5.55,7.85,-0.19,3.12,1.25,
-1.37,5.52,7.72,0.12,2.91,1.09,
-1.35,5.56,7.67,0.09,1.88,0.52,
-1.29,5.55,7.78,0.25,0.95,0.07,
-1.38,5.61,7.59,0.21,-1.49,0.30,
-1.36,5.51,7.68,0.00,1.50,1.54,
-1.38,5.50,7.78,0.59,0.43,0.61,
-1.31,5.50,7.78,0.14,-0.19,-0.51,
-1.33,5.61,7.93,0.45,-0.03,-0.80,
-1.33,5.53,7.81,-0.24,1.84,-0.18,
-1.32,5.54,7.72,0.52,-1.09,-0.28,
-1.35,5.57,7.50,0.11,-2.10,0.38,
-1.35,5.62,7.68,0.20,0.08,1.00,
-1.34,5.65,7.84,-2.93,-4.51,-0.68,
-1.35,5.81,7.55,-5.48,-6.18,1.63,
-1.17,6.32,6.35,-20.10,-5.86,10.93,
-1.13,6.47,7.08,-23.22,-2.15,21.81,
-1.49,6.14,6.84,-39.49,37.91,26.93,
-1.66,5.85,6.08,-55.98,5.80,34.55,
-1.88,7.05,5.25,-88.68,14.46,42.52,
-2.36,9.33,4.34,-80.28,39.00,32.22,
-2.83,8.87,3.52,-53.35,22.17,24.98,
-3.33,9.55,2.60,-37.01,54.83,28.96,
-3.59,8.91,3.02,-10.65,50.97,18.92,
-3.31,7.92,3.65,-19.14,41.51,12.45,
-3.29,8.40,4.10,-17.28,29.53,8.34,
-3.27,8.38,3.97,-2.76,16.78,5.35,
-3.21,8.55,3.71,13.82,-18.56,-6.21,
-3.52,8.08,3.59,20.75,-20.82,-16.75,
-3.77,8.75,3.03,15.23,-44.53,-9.44,
-3.35,8.30,3.26,19.34,-12.56,-10.73,
-2.99,8.47,3.22,13.42,-33.00,-9.92,
-2.67,8.82,3.54,12.60,-32.15,-11.35,
-2.47,8.76,3.50,11.73,-33.81,-13.88,
-2.68,9.06,3.20,11.49,-35.08,-14.62,
-2.58,8.73,3.07,11.00,-24.96,-12.60,
-2.63,8.97,3.26,6.20,-11.63,-9.56,
-2.73,8.89,3.26,0.84,-11.26,-8.70,
-2.79,8.78,3.32,-0.38,-6.86,-4.80,
-2.86,8.79,3.21,-4.27,-6.26,-1.05,
-2.74,8.66,3.31,-0.82,-2.89,1.93,
-2.73,8.94,3.36,-2.00,2.27,2.63,
-2.69,8.56,3.33,-0.97,-4.37,0.47,
-2.87,8.92,3.09,-1.50,-3.02,-1.04,
-2.92,8.62,3.28,-0.64,-1.44,-0.81,
-3.05,8.59,2.94,-0.51,-1.17,0.28,
-3.04,8.73,2.94,-3.60,2.52,2.36,
-2.99,8.75,3.16,-3.05,0.76,1.34,
-2.96,8.76,3.14,-2.43,0.81,0.70,
-3.05,8.77,3.05,-0.31,-0.57,0.31,
-3.05,8.74,3.05,-0.27,-0.09,0.07,
-3.00,8.67,2.94,0.52,0.46,0.43,
-3.11,8.90,2.95,-1.56,-0.45,0.92,
-2.93,8.72,3.02,1.04,2.77,1.73,
-2.94,8.75,2.98,1.83,4.77,0.53,
-3.07,8.81,3.07,-1.44,3.26,-0.37,
-2.96,8.80,2.88,-3.05,4.01,0.41,
-2.94,8.77,2.91,-0.23,3.53,1.45,
-2.91,8.83,2.92,-2.58,-1.18,0.23,
-2.77,8.67,3.17,-0.09,-5.06,-2.47,
-2.75,8.81,3.18,-0.69,-12.24,-6.27,
-2.81,8.93,3.39,3.53,-12.30,-7.04,
-2.62,8.69,3.72,29.51,-41.83,-8.16,
-2.11,8.56,3.89,28.48,-57.05,-13.27,
-2.61,8.47,3.49,26.66,-14.37,-14.32,
-2.96,8.64,3.34,14.36,-25.41,-10.28,
-3.24,8.83,2.65,3.15,-39.90,-1.85,
-4.11,8.50,1.88,-18.88,-37.52,4.33,
-4.05,9.05,1.78,-59.63,26.12,4.31,
-3.34,9.21,1.78,-36.56,23.34,10.90,
-3.46,8.61,1.67,-30.49,73.10,17.53,
-3.81,9.88,2.40,-20.85,69.90,8.27,
-3.04,8.29,2.69,-19.54,57.31,-3.33,
-3.79,9.29,2.61,-13.70,-50.44,-15.70,
-4.08,9.51,1.15,18.02,-30.26,5.71,
-3.28,9.22,1.67,34.43,-29.29,3.05,
-3.29,8.94,2.04,48.97,-15.71,0.03,
-3.31,8.50,3.29,44.13,-48.38,-8.46,
-4.24,8.67,2.40,42.00,-80.44,6.41,
-5.34,8.14,2.93,42.61,-53.87,-0.59,
-4.23,8.06,2.67,31.77,-34.00,-7.02,
-4.55,8.08,2.69,40.68,-43.22,-9.77,
-4.93,7.97,2.86,25.06,-28.08,-9.35,
-4.70,7.41,3.81,21.88,17.04,1.53,
-4.82,7.32,3.30,-3.22,8.20,3.73,
-4.66,7.39,3.31,-35.79,28.91,2.87,
-4.86,8.39,2.32,-65.61,57.19,7.39,
-4.86,8.85,1.63,-80.81,84.73,26.62,
-3.94,9.09,1.79,-60.38,101.82,43.67,
-3.81,8.70,2.35,-53.57,87.62,37.12,
-3.64,8.85,2.18,-39.04,47.02,23.00,
-3.80,8.64,2.03,-23.93,23.35,5.56,
-4.16,8.38,2.06,-20.38,38.78,-4.66,
-4.58,8.40,1.93,-20.78,32.87,-10.19,
-4.80,8.72,1.93,-13.84,20.64,-7.81,
-4.38,8.67,1.80,-4.91,29.43,-2.36,
-3.96,8.74,1.80,-2.79,20.34,-1.36,
-3.61,8.06,1.91,2.40,9.34,-6.70,
-3.32,9.11,2.42,7.14,-32.40,-8.76,
-3.88,10.66,1.47,-17.23,-3.24,-5.96,
-2.98,7.69,1.68,33.44,-12.83,-6.03,
-3.01,9.94,1.88,-5.64,5.16,3.63,
-3.22,9.00,1.45,7.37,-7.70,-11.39,
-3.35,8.93,1.85,-2.28,4.66,-8.12,
-3.60,8.96,1.61,-4.03,-23.41,-10.32,
-3.28,9.07,1.63,-1.01,-28.09,-4.30,
-3.22,9.29,1.37,9.42,-19.88,-1.91,
-3.06,9.07,1.46,14.46,-7.79,0.70,
-2.91,9.14,1.42,8.53,-6.37,-0.72,
-3.07,9.12,1.46,5.88,-0.67,-1.75,
-3.10,9.01,1.57,-4.28,-1.72,-3.75,
-3.35,9.07,1.61,-8.97,-4.17,-3.44,
-3.30,9.14,1.55,-7.39,0.74,-0.45,
-3.22,9.05,1.75,-1.98,0.23,2.55,
-3.10,9.15,1.48,1.15,-0.39,2.49,
-3.04,9.10,1.69,1.20,-1.14,-0.18,
-3.16,9.16,1.46,0.24,-9.44,-1.88,
-3.09,9.18,1.55,3.12,1.41,-1.65,
-3.17,9.09,1.37,1.79,-0.09,-0.88,
-3.04,9.18,1.50,0.03,-4.80,-0.29,
-3.05,9.14,1.60,-1.12,3.54,-0.49,
-3.09,9.11,1.62,-0.59,-2.22,-0.25,
-2.97,9.15,1.64,2.76,-5.01,-2.66,
-3.00,9.21,1.69,2.70,-21.31,-1.88,
-2.93,9.13,1.43,4.58,-21.50,-4.26,
-2.85,9.21,1.43,4.91,20.24,-3.47,
-3.20,9.17,1.39,0.93,-10.26,-2.13,
-3.06,9.31,1.51,-1.82,0.40,-1.25,
-3.11,9.09,1.40,-0.37,-1.52,-0.89,
-3.29,9.76,1.42,10.14,-2.35,5.78,
-3.33,9.45,2.15,29.65,7.19,6.10,
-3.00,8.77,2.98,39.62,24.16,7.74,
-3.20,8.38,3.07,33.54,5.25,3.73,
-3.14,8.56,3.58,29.12,-3.97,-0.45,
-3.22,8.11,4.29,29.98,-6.20,-5.18,
-3.16,8.48,4.80,32.63,-22.27,-9.06,
-3.03,7.60,4.83,38.00,6.49,-7.47,
-3.09,7.41,5.62,30.61,-14.70,-14.28,
-3.12,7.23,5.73,33.45,-19.43,-8.65,
-2.67,6.53,6.00,21.67,12.33,-2.77,
-2.74,6.34,6.27,10.72,-7.45,-3.92,
-2.76,6.51,6.22,-3.84,-6.16,-6.88,
-3.04,6.70,6.27,-0.51,-24.31,-8.52,
-2.93,6.78,6.22,8.70,-14.94,-8.61,
-3.03,6.66,6.36,9.58,-13.69,-6.73,
-2.74,6.42,6.65,8.30,-11.03,-4.09,
-2.97,6.56,6.52,3.11,-5.10,-5.43,
