2.18,4.77,19.48,276.24,280.45,-281.48,
-0.51,5.82,7.67,-5.30,15.36,9.75,
-0.30,6.10,7.53,-4.51,4.64,6.95,
0.01,6.09,7.41,2.63,-16.27,-6.53,
-0.13,6.37,7.25,-7.78,10.17,-5.78,
0.76,7.98,7.45,0.08,77.76,34.09,
-2.70,7.22,10.58,-73.63,-31.89,107.14,
-7.88,6.15,8.94,49.11,-269.75,249.80,
-8.18,5.73,6.33,112.24,-206.09,272.67,
-5.53,1.59,3.92,88.26,-45.81,215.08,
-3.11,-3.00,2.52,56.66,-26.97,152.57,
-3.14,-6.58,0.09,20.92,-40.92,57.41,
-4.11,-8.09,0.60,29.57,-141.30,8.79,
-5.05,-8.68,0.06,17.74,-5.67,-3.34,
-4.44,-8.59,-0.88,12.69,-7.77,-8.14,
-4.16,-8.31,-1.15,8.09,20.28,-18.71,

-0.05,7.25,4.89,13.82,-89.07,-7.67,
0.39,6.89,6.68,-0.54,3.08,3.02,
0.41,7.17,6.49,0.05,-1.88,1.37,
0.50,7.05,6.51,-1.85,0.36,3.07,
0.02,7.30,6.97,-4.72,-4.22,13.55,
-4.06,8.71,10.34,-11.35,-111.04,80.95,
-10.30,9.07,9.45,97.38,-180.45,215.29,
-10.60,6.05,7.71,150.35,-91.84,281.66,
-6.63,-0.62,3.89,78.59,-36.26,236.97,
-4.59,-1.57,2.64,33.33,-104.81,167.52,
-2.71,-4.90,2.14,-1.55,-130.70,97.07,
-2.60,-8.37,1.54,6.57,-30.74,57.25,
-3.37,-9.22,0.63,10.43,-51.62,5.10,
-4.55,-9.37,0.02,11.11,-42.51,-10.96,
-4.71,-8.97,0.18,-4.15,74.91,-0.22,

-3.24,9.11,-6.83,-278.46,-277.94,282.76,
-0.20,7.99,5.40,3.36,-1.09,0.40,
0.03,7.88,5.25,1.89,-1.01,1.52,
-1.48,8.30,5.69,-5.26,-2.49,27.69,
-7.22,11.03,8.67,10.47,-107.61,159.90,
-10.34,7.87,5.56,123.45,-158.92,265.36,
-9.97,4.08,4.09,94.34,-78.64,270.10,
-8.42,-0.44,2.67,35.85,-35.96,218.77,
-5.87,-1.24,3.30,14.91,-65.83,148.58,
-4.12,-4.95,2.69,3.22,-108.57,98.49,
-3.82,-7.67,1.48,1.80,-99.66,52.59,
-4.63,-9.48,0.36,6.53,6.07,8.86,
-5.08,-8.79,0.63,7.76,39.29,-7.67,

2.77,6.80,17.26,281.55,281.15,-283.86,
-0.17,8.00,5.35,0.84,10.48,-7.60,
-0.30,8.17,5.47,4.71,-2.77,-3.82,
-1.43,8.00,6.31,5.79,-2.26,15.99,
-3.93,9.27,9.03,32.66,-70.74,96.09,
-6.23,9.84,9.82,110.42,-179.12,192.73,
-9.01,7.26,6.72,119.80,-132.97,252.37,
-8.74,1.36,3.75,65.47,-207.52,277.14,
-4.54,-1.87,0.91,-11.51,-206.14,221.94,
-4.00,-4.96,0.72,-23.63,-99.52,94.39,
-2.83,-7.66,-0.55,-26.38,-40.34,7.29,
-4.22,-8.31,-1.03,-20.42,-16.30,-11.58,
-5.08,-8.45,-1.17,-0.70,7.63,-7.66,
-4.92,-8.28,-1.45,5.04,-4.29,-8.77,

-2.62,8.90,-5.85,-284.47,-264.05,285.43,
-0.26,8.15,5.54,-1.39,-5.92,2.55,
0.14,7.99,5.12,-0.92,-0.78,3.32,
-0.57,7.73,5.07,0.87,-1.15,13.44,
-1.96,10.16,8.58,24.60,-15.86,90.35,
-8.60,9.59,7.28,88.72,-220.96,239.49,
-9.61,5.86,4.41,64.29,-179.90,286.68,
-7.20,0.02,0.94,6.88,-191.02,247.35,
-5.85,-1.87,0.37,-30.14,-163.88,151.05,
-3.90,-5.65,-0.74,-39.26,-63.01,90.45,
-3.33,-8.05,-1.96,-27.96,-5.53,39.50,
-3.90,-8.72,-1.85,-12.10,-12.68,8.30,
-4.20,-8.45,-1.67,0.88,-10.38,-6.97,
-4.31,-8.30,-1.76,-0.73,-7.15,-8.80,

-0.40,8.55,7.61,1.92,119.41,-1.38,
-2.34,10.79,5.99,-28.31,-40.55,77.46,
-5.60,10.53,4.13,12.63,-240.42,203.46,
-12.09,7.21,1.12,-7.98,-271.79,286.68,
-9.10,2.10,-1.02,5.65,-262.14,286.68,
-8.34,-1.74,-1.41,-110.25,-66.60,170.83,
-5.82,-4.70,-0.31,-73.97,-41.63,98.67,
-4.55,-6.79,0.24,-32.11,-38.29,49.22,
-4.29,-7.81,-0.48,-4.88,-17.09,12.00,
-4.60,-8.73,-1.61,10.01,-6.13,-2.43,
-4.93,-8.78,-1.61,6.69,-19.77,-1.11,
-4.52,-8.62,-1.93,3.77,-7.48,-4.32,
-4.63,-8.37,-1.92,3.18,-0.45,-11.31,

-2.63,7.50,-2.66,-238.79,-268.32,257.67,
-0.01,6.50,7.08,-0.68,3.90,-0.50,
0.40,6.69,7.12,-3.19,3.74,1.75,
0.14,6.60,6.75,-6.12,6.50,5.05,
-1.51,7.75,7.61,5.14,-7.57,37.38,
-8.35,9.69,14.47,-90.19,-136.00,150.12,
-11.73,7.15,4.50,25.17,-286.72,286.68,
-10.11,3.69,1.47,22.78,-245.09,286.68,
-7.55,-0.31,-0.67,-76.83,-59.04,209.08,
-4.53,-4.70,-0.74,-52.90,-64.18,129.92,
-3.72,-6.83,-0.87,-17.97,-49.56,54.98,
-3.31,-8.00,-1.12,-5.08,-22.69,3.44,
-3.98,-8.72,-1.36,-0.76,-6.06,-8.76,
-4.56,-8.91,-1.80,5.69,3.75,-7.03,
-4.58,-8.92,-1.97,7.95,4.30,-2.50,

0.74,5.89,9.71,14.48,128.66,-8.26,
0.05,5.85,7.72,2.36,6.30,7.41,
-0.23,5.67,7.36,2.02,0.77,7.66,
-2.58,8.60,9.19,-2.04,-36.38,57.15,
-9.48,8.34,9.92,-188.70,-98.34,160.48,
-10.28,6.60,1.93,-21.79,-286.72,286.68,
-10.61,3.99,-0.63,-55.85,-126.05,280.01,
-8.34,-0.78,-0.65,-72.18,-58.91,200.66,
-5.61,-3.44,-0.89,-65.57,-68.88,133.32,
-3.71,-6.27,-0.07,-40.52,-33.85,74.51,
-3.83,-7.46,-0.35,-5.70,-24.39,27.10,
-3.67,-8.72,-1.01,2.36,-12.64,1.94,
-4.66,-9.21,-1.63,6.09,-9.14,0.81,
-4.16,-9.08,-1.59,2.55,-9.72,-2.55,
-3.97,-8.53,-1.49,0.45,-0.71,-5.84,

1.02,5.16,11.31,248.66,181.27,-243.03,
-0.02,5.47,8.04,-0.66,-1.65,-4.87,
0.13,5.52,7.94,-3.11,0.12,-5.65,
-0.94,5.63,8.03,-4.26,3.50,11.14,
-2.43,7.85,9.55,-76.68,-28.33,97.53,
-8.31,9.39,8.49,-55.76,-223.54,234.49,
-10.78,6.36,1.45,-1.05,-285.70,286.68,
-9.09,2.94,-0.23,-53.66,-53.00,262.91,
-6.86,-1.52,-0.33,-53.59,-61.15,206.06,
-4.10,-5.21,-0.66,-35.32,-58.14,135.68,
-2.64,-7.72,-0.63,-15.09,-37.21,68.11,
-2.66,-8.67,-0.76,-3.82,-11.23,15.83,
-2.79,-9.77,-1.26,1.85,1.86,0.22,
-3.20,-9.23,-1.25,7.00,8.44,-11.42,
-3.26,-8.66,-0.67,9.63,15.20,-21.99,

0.67,5.26,11.33,249.79,185.28,-244.66,
-0.55,5.41,8.08,-7.46,12.47,11.10,
-2.07,7.17,9.55,-5.90,-19.00,53.87,
-5.48,5.93,10.49,-123.34,-33.04,142.03,
-9.25,8.19,5.99,66.29,-253.93,225.01,
-10.22,5.93,2.79,47.34,-96.71,267.34,
-9.00,1.31,1.63,22.71,-145.77,270.57,
-5.89,-3.01,0.79,-32.83,-74.89,192.40,
-2.05,-6.30,0.24,-24.81,-80.70,111.00,
-1.42,-7.78,0.06,2.60,-44.28,34.83,
-2.54,-9.29,-0.68,10.71,4.76,3.94,
-3.05,-9.91,-1.30,8.28,8.23,-10.87,
-3.26,-9.33,-1.49,7.12,8.91,-13.11,
-3.53,-8.45,-0.60,7.98,14.35,-30.82,
-4.73,-7.66,-1.28,21.41,31.88,-58.84,

-1.10,7.15,5.34,20.30,-76.04,-11.96,
-1.04,6.63,7.37,-16.05,17.75,33.77,
-0.12,6.92,6.00,-10.23,11.72,25.12,
-3.80,7.68,7.70,8.30,-19.92,60.48,
-7.84,8.26,10.34,-4.65,-121.42,154.10,
-11.79,6.04,4.71,33.01,-270.06,286.68,
-10.78,2.00,-0.14,16.18,-178.45,286.68,
-7.03,-2.29,0.23,-32.21,-82.88,208.50,
-4.45,-4.29,0.24,-37.50,-71.42,96.64,
-3.79,-7.08,-0.10,-11.63,-41.58,34.61,
-4.42,-7.71,-1.47,2.30,-25.37,6.76,
-4.82,-8.52,-1.88,4.37,-19.47,-5.16,
-5.18,-8.32,-1.72,0.75,-6.52,-12.05,
-5.25,-7.42,-1.29,6.13,-5.41,-18.46,
-4.11,-6.12,-0.14,18.86,15.67,-43.16,

-1.77,7.51,-1.92,-277.52,-227.08,278.05,
0.14,6.77,6.70,3.51,3.01,0.86,
0.10,6.80,6.98,-2.62,2.93,1.01,
0.11,6.82,6.77,-5.80,9.67,6.33,
-1.13,8.22,7.93,-21.73,5.36,74.51,
-6.21,9.76,8.71,-121.06,-153.45,211.97,
-11.66,7.31,3.29,19.17,-280.57,286.68,
-10.19,3.32,-1.50,-27.96,-92.24,286.67,
-6.94,-1.65,-1.87,-64.70,-154.98,227.63,
-3.88,-4.61,-0.31,-58.01,-91.82,117.34,
-2.93,-6.63,-0.20,-16.36,-48.16,40.46,
-2.06,-8.35,-1.93,5.20,-17.62,0.38,
-2.33,-9.66,-2.90,12.25,-12.79,-2.25,
-3.03,-9.35,-2.93,6.06,3.63,-5.50,
-3.31,-8.51,-2.60,7.39,16.97,-12.32,
-3.59,-8.11,-2.12,19.62,11.21,-21.32,

1.85,5.73,14.49,271.92,219.05,-271.43,
0.51,6.09,7.43,-2.29,6.34,-0.08,
0.54,5.98,7.44,1.03,-0.95,-2.13,
-2.11,6.68,8.18,-12.71,-26.97,30.04,
-5.51,7.35,9.62,-41.27,-115.81,145.20,
-10.22,9.27,6.14,16.70,-286.72,284.73,
-11.13,4.21,0.70,-8.30,-217.71,285.19,
-8.67,-0.21,-1.93,-84.17,-102.47,232.62,
-4.28,-3.05,-0.46,-62.54,-104.83,162.16,
-3.84,-5.76,0.63,-48.77,-27.44,53.97,
-4.59,-7.68,-0.45,0.03,-30.68,-1.29,
-4.53,-9.13,-1.81,10.64,-7.82,-13.76,
-4.32,-8.99,-2.19,-0.01,9.97,-4.87,
-4.17,-8.73,-2.13,4.43,10.16,-5.18,
-4.49,-8.44,-2.05,13.96,18.67,-4.98,
-4.48,-7.78,-1.19,30.89,12.58,-16.65,

-4.05,6.02,-3.65,-283.01,-276.79,284.91,
-1.05,4.97,8.22,-2.42,6.87,-1.40,
-1.03,4.87,8.04,-5.50,7.01,4.39,
-3.64,6.42,9.31,-23.20,-19.27,75.54,
-9.68,4.24,9.88,-149.62,-228.90,206.43,
-9.03,6.43,4.94,24.66,-202.39,249.28,
-10.26,2.87,0.45,5.41,-211.01,259.95,
-8.12,-1.94,-0.76,-57.68,-134.44,206.44,
-4.31,-5.24,-0.28,-52.29,-92.88,98.93,
-4.04,-5.73,-0.28,-23.81,-51.66,21.71,
-4.20,-7.84,-1.41,-9.90,-45.10,11.25,
-4.08,-9.32,-1.95,-0.89,-10.50,2.76,
-4.34,-8.61,-2.10,4.47,3.15,-1.85,
-4.44,-7.77,-1.96,16.73,9.03,-4.94,

0.42,6.30,19.60,265.70,280.60,-276.24,
-6.60,10.15,11.85,10.47,-161.85,142.51,
-10.67,5.83,4.35,8.74,-228.49,264.64,
-10.86,0.78,-0.06,18.30,-286.72,275.41,
-8.91,-1.12,-2.01,-57.47,-101.66,169.02,
-6.83,-2.82,-1.02,-40.11,-83.63,118.55,
-5.66,-5.44,-1.33,-30.92,-42.98,57.02,
-3.99,-7.75,-1.58,-21.07,-34.63,25.33,
-3.82,-8.49,-2.18,-9.43,-14.64,6.38,
-4.13,-8.65,-2.79,-2.00,0.03,-1.25,
-4.71,-8.20,-2.64,-0.52,1.81,-7.51,
-5.04,-8.23,-2.85,0.43,1.05,-9.35,
-4.58,-8.67,-2.69,1.62,-7.34,-10.89,

0.72,7.06,7.34,-82.17,49.59,62.45,
0.27,7.01,6.77,6.88,13.22,-8.57,
0.53,6.88,6.76,0.42,12.57,-2.70,
0.73,6.85,6.79,-2.07,5.51,1.23,
-2.57,7.44,6.97,-10.91,-2.76,53.07,
-7.35,10.37,9.03,-28.28,-207.92,190.37,
-11.15,7.73,3.97,-15.35,-201.00,286.68,
-11.45,2.83,0.98,-10.44,-162.57,286.68,
-7.96,-1.27,-0.29,-46.52,-90.96,212.60,
-4.78,-1.83,0.06,-37.38,-74.69,125.62,
-3.46,-6.27,-0.25,-41.05,-48.20,67.37,
-3.10,-8.54,-0.81,-13.86,3.93,17.31,
-3.84,-9.02,-1.45,-17.02,19.83,-12.36,

1.49,6.12,15.30,278.91,236.19,-278.95,
-0.36,6.76,6.78,-0.45,10.65,1.79,
-0.20,6.57,6.81,0.46,4.16,2.83,
-0.70,6.76,6.67,-7.03,-1.29,3.28,
-3.38,10.83,8.88,-45.15,-11.94,100.35,
-10.01,9.08,10.06,-113.19,-286.67,286.68,
-9.64,6.16,1.49,47.08,-278.08,286.68,
-9.02,0.71,-1.11,-62.39,-59.13,263.57,
-6.61,-2.04,-1.39,-55.47,-54.15,177.45,
-4.38,-5.15,-1.19,-42.53,-94.17,105.25,
-3.33,-7.62,-0.69,-18.88,-40.10,48.06,
-2.91,-8.89,-0.84,-10.83,-22.09,10.89,
-3.09,-9.45,-1.52,1.37,-10.90,-7.74,
-3.96,-9.11,-2.43,7.13,0.74,-15.20,
-4.00,-8.31,-1.44,4.17,-0.49,-12.69,

-2.72,7.46,-4.54,-248.21,-274.14,264.68,
0.12,6.44,7.02,2.84,3.08,0.88,
0.34,6.48,7.07,-0.47,-0.17,2.39,
-0.50,6.53,7.33,-10.52,5.21,18.98,
-3.08,8.73,9.86,-67.02,15.33,104.10,
-9.69,9.80,6.18,-23.73,-286.72,248.23,
-11.12,6.91,2.09,18.91,-233.28,286.68,
-9.58,1.54,-0.44,-67.83,-92.67,276.67,
-6.48,-2.29,-0.97,-59.16,-72.78,209.47,
-3.82,-4.95,0.07,-46.07,-48.29,103.21,
-2.77,-7.28,-0.04,-22.72,-30.93,27.67,
-3.50,-9.00,-0.19,-1.83,-30.97,-2.81,
-4.17,-9.13,-1.00,3.37,-10.57,-8.18,
-4.25,-8.61,-1.13,7.90,2.03,-7.75,

3.36,5.21,18.35,255.28,279.06,-269.69,
0.04,6.44,7.06,0.63,6.82,0.98,
0.08,6.52,7.18,1.51,15.46,5.43,
-1.49,6.72,7.02,-6.42,0.53,31.63,
-3.75,7.77,10.60,-59.33,-125.30,117.04,
-9.74,8.57,5.99,2.08,-286.72,245.86,
-11.46,6.44,0.25,-12.21,-257.90,286.68,
-9.00,-0.14,-1.96,-78.08,-78.19,258.57,
-5.13,-3.69,-2.80,-63.12,-102.32,160.73,
-3.12,-4.51,-0.85,-17.07,10.79,75.84,
-2.64,-7.44,-1.11,-33.77,-18.12,37.89,
-2.97,-9.16,-1.84,-17.13,-25.67,11.31,
-3.27,-9.39,-2.05,-5.68,-6.81,-0.89,
-3.88,-8.78,-2.59,-1.30,-1.49,-2.03,
-4.19,-8.55,-2.52,5.51,0.96,-6.45,
-4.01,-8.33,-1.93,4.16,3.98,-12.68,

2.21,5.60,17.30,233.82,271.08,-252.40,
-0.09,6.01,7.63,1.27,12.53,6.54,
0.19,6.14,7.56,3.38,11.40,3.96,
0.28,5.93,7.75,5.32,7.12,5.92,
-1.16,6.15,7.56,-6.38,2.12,29.07,
-3.87,7.66,8.09,-80.64,-55.95,159.18,
-9.46,8.51,3.04,-51.10,-286.72,269.61,
-10.71,4.96,0.68,6.27,-198.10,259.04,
-10.98,0.59,-2.38,-53.50,-77.89,232.72,
-6.75,-1.96,-1.36,-44.06,-104.97,204.38,
-3.64,-4.35,-0.93,-50.34,-4.83,130.62,
-1.66,-6.97,-0.46,-46.99,-19.56,68.43,
-1.21,-8.95,-1.03,-8.23,-14.81,16.40,
-2.30,-10.05,-1.63,-1.38,-12.96,-1.97,
-2.76,-9.59,-1.55,0.64,0.36,-7.67,
-3.24,-8.92,-1.18,5.22,-2.08,-8.87,

2.59,5.14,17.74,284.62,263.59,-285.22,
-0.01,6.01,7.39,-0.02,5.44,0.41,
-0.03,5.97,7.24,0.31,6.95,2.13,
-0.39,6.16,7.40,1.54,16.48,4.38,
-2.24,7.44,8.78,-1.81,3.69,28.98,
-5.36,8.10,9.63,-83.49,-103.45,79.83,
-7.08,7.98,6.03,24.81,-286.72,219.56,
-11.46,5.44,1.44,17.59,-235.28,254.80,
-10.10,3.00,-1.29,-52.56,-102.90,244.48,
-7.08,-1.60,-0.68,-33.10,-127.81,244.56,
-3.38,-5.75,-1.17,-47.80,-68.43,110.91,
-2.81,-7.55,-0.83,-7.83,-35.25,40.28,
-3.00,-8.78,-1.32,-4.80,-30.78,11.35,
-3.33,-9.22,-2.14,-3.99,-13.22,0.58,
-3.46,-9.32,-2.50,4.01,-1.96,-3.39,
-3.63,-8.88,-2.55,6.69,7.38,-7.38,
-3.61,-8.68,-2.12,10.28,15.92,-12.26,

3.42,4.56,19.60,275.08,281.44,-280.89,
0.19,5.92,7.57,-2.59,27.61,1.78,
0.48,5.79,7.50,0.81,2.70,-2.44,
-1.79,7.04,7.75,-5.54,-29.85,32.31,
-8.05,12.66,13.73,-107.51,-286.72,258.18,
-11.41,7.97,3.06,5.78,-286.72,286.68,
-10.79,3.19,0.07,-35.84,-87.77,286.68,
-6.08,-0.92,-1.10,-22.02,-28.03,210.95,
-3.35,-4.29,-0.61,-51.63,-60.68,125.39,
-1.82,-7.91,-1.54,-49.07,-49.33,67.51,
-0.76,-9.67,-1.05,-2.84,-16.00,15.06,
-1.59,-9.31,-0.98,10.34,2.45,-16.78,
-2.81,-9.21,-1.56,4.85,4.31,-18.99,
-3.34,-9.30,-1.62,3.68,-4.53,-13.97,
-3.20,-9.35,-1.71,1.91,7.25,-13.45,
-3.00,-8.69,-1.88,9.25,12.04,-25.52,

-1.97,6.74,-2.23,-236.35,-266.97,255.43,
0.82,5.88,7.41,-3.00,1.80,-1.09,
0.93,6.14,7.44,-8.91,5.09,4.46,
-1.35,5.81,7.66,-12.31,-12.06,33.33,
-5.80,8.22,10.80,-54.25,-156.89,156.47,
-9.71,9.51,6.53,43.18,-178.97,238.20,
-9.99,6.09,2.62,37.92,-181.28,286.68,
-8.27,1.26,0.78,13.33,-211.43,273.45,
-3.56,-3.17,0.18,-30.25,-144.92,187.77,
-1.18,-6.95,-0.94,-44.63,-25.79,78.63,
-0.65,-8.80,-1.37,-4.21,-13.66,8.29,
-2.32,-9.09,-2.00,-6.70,-10.99,-16.84,
-3.07,-9.37,-2.06,-2.56,-7.89,-13.01,
-3.72,-9.29,-2.25,5.26,-2.28,-10.14,
-3.69,-8.89,-1.94,2.41,0.83,-7.11,
-3.92,-8.22,-1.67,8.30,11.90,-15.04,

2.28,5.51,12.92,191.09,247.23,-208.38,
0.45,6.08,7.30,-1.59,2.29,0.09,
0.45,6.08,7.21,-6.60,9.48,3.68,
0.06,6.28,8.05,-11.06,19.30,30.97,
-4.00,10.05,13.23,-62.77,-126.74,136.41,
-7.98,8.67,7.33,23.57,-197.96,209.07,
-10.11,6.09,4.45,54.92,-155.05,279.46,
-8.65,1.02,1.72,15.58,-181.54,277.08,
-5.84,-2.08,0.67,-34.18,-82.87,193.19,
-2.93,-6.20,0.56,-23.39,-89.18,129.28,
-1.32,-8.99,-0.54,-7.10,-38.68,43.91,
-1.93,-9.47,-1.16,10.34,-23.55,-0.81,
-2.97,-8.97,-1.23,4.46,-2.14,-9.64,
-3.52,-9.20,-1.27,10.37,-2.66,-8.73,
-3.95,-8.92,-1.73,8.36,1.97,-10.30,
-3.95,-8.77,-1.77,6.18,1.13,-11.59,
-4.17,-8.76,-2.08,5.15,4.93,-10.59,

-1.07,6.06,0.69,-272.46,-213.65,272.78,
0.55,5.97,7.85,-6.13,-2.21,-0.52,
-0.80,5.68,7.91,0.56,-0.86,8.02,
-0.73,5.45,8.27,-4.77,18.81,58.44,
-5.39,8.44,10.78,-89.04,-207.97,185.97,
-10.51,9.18,4.83,-5.88,-253.37,269.93,
-10.46,3.07,-0.40,6.13,-204.87,286.63,
-7.78,-0.41,0.35,-6.20,-49.28,220.03,
-5.65,-3.72,-0.98,-7.07,-55.88,169.93,
-3.82,-6.16,-1.05,-25.09,-14.00,122.25,
-2.56,-8.29,-1.70,-17.62,-1.43,73.31,
-2.51,-9.39,-1.08,9.04,26.21,11.23,
-3.25,-8.91,-1.27,14.72,18.89,-19.08,
-4.28,-9.26,-1.79,7.11,8.55,-24.82,
-3.67,-9.77,-2.07,3.23,1.79,-4.62,
-4.15,-8.65,-1.47,3.18,-9.92,0.83,
-2.73,-8.75,-1.15,7.16,-3.97,-7.40,

2.81,6.04,16.31,285.56,259.43,-285.72,
0.33,6.97,6.88,-1.54,-1.67,-0.14,
0.13,6.98,6.71,-2.28,-7.13,-0.74,
-0.63,7.09,6.52,-6.20,-12.94,9.61,
-5.52,10.32,11.53,-19.40,-97.78,123.02,
-6.60,9.10,6.88,18.65,-238.70,234.23,
-9.45,4.96,2.70,22.85,-111.45,273.22,
-9.82,1.60,1.51,6.42,-143.68,261.10,
-7.35,-1.77,0.82,-29.06,-87.24,198.35,
-5.09,-4.60,0.54,-11.78,-89.22,146.83,
-3.13,-7.87,-1.32,-14.07,-51.31,69.14,
-2.78,-8.91,-1.68,-0.52,-28.93,4.51,
-3.34,-8.59,-1.62,2.82,-15.97,-10.32,
-3.81,-8.99,-1.80,-1.59,-7.80,-5.78,
-3.87,-9.01,-2.03,3.46,-0.05,-6.76,
-4.06,-8.87,-2.02,4.45,-2.14,-5.51,
-3.78,-8.70,-2.27,5.91,9.05,-4.09,
-3.20,-7.70,-0.78,19.24,29.53,-32.41,

0.79,7.24,11.43,266.85,212.32,-265.87,
-0.67,7.71,5.86,-5.46,1.52,-0.09,
-0.86,7.78,5.54,-2.89,7.14,2.93,
-2.47,7.98,5.82,2.78,16.14,30.92,
-7.84,9.48,7.27,-63.84,-107.62,169.99,
-11.59,8.89,3.01,-9.09,-256.40,280.00,
-11.05,3.83,-0.04,-11.82,-101.71,281.28,
-8.46,-0.04,-1.41,-22.18,-64.72,231.08,
-5.68,-1.75,-0.63,-29.45,-32.47,188.34,
-2.64,-6.13,-0.99,-46.52,-68.73,128.45,
-1.86,-8.25,-0.58,-13.91,-24.68,49.01,
-3.07,-8.83,-0.81,13.74,-4.52,-3.11,
-3.80,-9.35,-1.36,8.99,3.56,-14.76,
-4.07,-9.28,-1.60,7.52,6.65,-10.56,
-3.71,-9.04,-1.68,8.77,10.39,-6.59,

0.78,6.57,14.38,279.19,234.88,-279.08,
-2.17,7.34,6.77,-22.08,-7.45,23.23,
-0.48,7.30,4.56,-14.89,-25.99,16.58,
-3.83,8.35,5.66,2.69,-32.18,46.55,
-13.74,11.91,7.13,-86.80,-227.53,217.21,
-13.49,7.84,-0.38,19.51,-286.72,286.68,
-8.71,1.94,0.45,-63.89,-33.49,286.68,
-4.65,-2.04,-0.37,-46.58,-53.18,220.19,
-2.41,-5.69,-1.10,-24.24,-24.65,95.19,
-1.39,-7.74,-0.84,-2.27,-18.16,18.37,
-1.85,-9.37,-1.18,3.28,-15.01,-5.64,
-2.80,-9.83,-1.76,-1.92,-7.28,-9.98,
-3.23,-9.52,-1.86,4.42,4.69,-10.34,
-3.27,-8.82,-1.74,11.65,13.75,-16.36,
-3.88,-8.15,-1.42,23.25,22.37,-35.41,
-4.84,-6.59,-1.13,32.34,52.05,-64.13,

-2.49,7.44,-0.48,-272.92,-216.27,273.18,
-1.07,6.70,6.81,3.98,-1.00,-1.18,
-1.00,6.70,6.69,2.72,0.28,-2.40,
-0.71,6.60,7.56,-14.99,27.69,26.27,
-8.63,9.92,10.72,-119.18,21.77,127.72,
-10.43,8.59,3.76,18.48,-286.72,274.62,
-11.93,5.92,-1.67,7.52,-264.71,286.68,
-8.09,1.55,-0.21,-66.88,-35.49,264.29,
-3.92,-3.04,-0.40,-50.69,-89.27,177.82,
-1.80,-6.02,-0.26,-20.42,17.36,61.01,
-2.30,-8.69,-1.20,-10.60,-14.13,18.48,
-2.84,-9.63,-1.46,-7.90,-18.74,4.09,
-2.09,-9.99,-2.00,-10.51,-6.70,5.74,
-2.61,-9.14,-1.94,4.21,5.66,-9.62,
-3.38,-8.75,-2.10,4.02,16.79,-12.34,
-3.34,-7.87,-0.99,11.18,14.25,-21.60,

2.81,5.59,18.23,286.16,273.85,-286.27,
-0.06,6.51,7.01,0.52,-0.03,-1.25,
-0.02,6.55,7.00,-1.42,-0.81,-1.68,
-0.09,6.59,7.06,-6.69,17.79,2.84,
-0.42,8.79,7.54,-37.96,30.48,54.19,
-7.77,9.14,11.62,-99.95,-182.75,178.93,
-11.01,8.61,4.06,24.39,-265.52,286.68,
-12.56,3.78,-0.24,6.94,-167.60,286.68,
-7.46,-0.53,-0.54,-27.87,-67.38,241.13,
-3.46,-3.53,-0.48,-23.09,-77.27,162.59,
-2.43,-6.91,-0.85,-21.59,-29.18,73.75,
-2.71,-8.61,-0.90,-22.15,-23.58,16.06,
-2.87,-10.25,-0.60,2.46,-7.74,-5.67,
-2.95,-9.85,-1.17,9.22,0.59,-6.95,
-2.50,-9.35,-1.53,3.27,7.08,-5.59,
-2.51,-9.05,-1.02,1.56,14.24,-8.02,
-2.39,-8.22,-0.26,23.17,35.67,-30.82,

-4.26,7.34,-5.25,-260.33,-277.58,272.97,
-1.09,6.43,7.06,-0.53,3.47,-0.85,
-0.89,6.48,7.31,-4.95,11.68,3.62,
-1.27,6.74,7.32,-13.93,26.55,31.49,
-4.24,7.40,9.63,-17.65,-3.84,64.47,
-8.16,9.26,7.58,-47.59,-63.56,172.90,
-10.10,10.00,4.13,27.78,-232.72,284.36,
-9.43,2.26,-0.22,15.16,-161.45,286.68,
-6.17,-1.54,-0.91,-26.57,-72.15,236.14,
-3.74,-4.53,-1.14,-23.49,-43.79,151.10,
-3.13,-7.08,-1.07,-28.60,-38.43,77.69,
-3.33,-9.04,-0.82,-7.62,-21.41,20.46,
-4.23,-9.26,-0.49,-3.43,-4.06,-1.02,
-3.38,-9.57,-0.70,0.94,-0.96,-5.91,
-3.06,-9.51,-1.19,2.52,7.24,-6.08,
-3.20,-9.11,-0.89,7.46,12.19,-4.98,
-3.29,-9.07,-1.01,18.48,7.67,-10.23,

-1.41,6.69,3.66,-253.71,-183.27,251.60,
-1.04,6.54,6.91,-3.15,5.89,4.30,
-1.10,6.25,7.10,-8.60,-11.06,7.87,
-3.19,6.10,8.88,-18.49,-10.55,75.93,
-7.57,10.25,13.66,-33.82,-205.19,157.73,
-8.77,7.80,4.73,53.89,-176.46,247.01,
-11.04,2.52,1.23,43.51,-204.42,286.68,
-7.90,-0.69,-0.06,-26.32,-63.64,243.04,
-4.57,-3.33,-0.34,-9.73,-79.67,166.00,
-3.42,-6.92,0.15,7.48,-67.52,86.72,
-2.65,-8.82,-0.86,-9.36,-51.87,26.25,
-2.23,-9.24,-1.05,-8.19,-24.32,-2.86,
-2.57,-9.68,-1.67,-3.38,-7.14,-16.91,
-3.23,-8.97,-1.53,0.60,3.56,-14.30,
-3.33,-9.04,-1.53,2.53,1.67,-8.28,
-3.44,-8.80,-1.56,9.68,7.65,-14.52,

0.28,5.94,10.24,112.58,195.52,-110.41,
-0.73,6.28,7.30,-1.20,2.34,3.05,
-0.61,6.29,7.11,-0.84,3.51,1.20,
-1.32,6.40,7.36,-5.12,19.77,30.97,
-6.42,5.38,11.43,-23.69,-59.21,78.33,
-7.66,7.91,8.00,-24.48,-89.17,193.32,
-9.90,7.99,5.87,60.09,-130.86,264.64,
-8.83,1.31,1.67,43.18,-219.80,286.68,
-5.75,-2.55,-0.01,-17.24,-65.49,204.54,
-3.28,-5.45,0.00,-10.67,-78.48,129.19,
-1.59,-7.76,-0.42,-26.28,-24.66,65.08,
-1.34,-9.10,-0.70,-11.73,-10.34,14.95,
-2.40,-9.65,-1.22,0.25,-6.44,-13.19,
-2.99,-9.49,-1.34,-1.72,2.89,-11.81,
-3.27,-9.09,-1.25,2.08,9.36,-8.02,
-3.13,-8.73,-0.63,12.01,5.28,-14.59,
-2.98,-6.25,1.18,32.28,47.54,-61.21,

1.22,6.02,14.94,214.54,260.59,-233.77,
-0.97,6.76,6.89,3.38,-0.16,1.08,
-0.82,6.65,7.08,5.06,1.75,3.75,
-1.68,6.98,7.61,-10.09,7.62,32.40,
-7.17,6.54,16.04,-195.55,-213.85,112.00,
-9.95,8.62,7.31,46.65,-175.29,228.19,
-11.37,5.54,1.55,43.72,-250.43,286.68,
-8.20,0.57,0.09,-38.65,-62.46,249.14,
-5.68,-2.29,0.64,-23.00,-74.99,177.73,
-2.59,-5.01,0.26,-52.97,-44.32,92.00,
-2.55,-8.70,-0.24,-38.70,-31.82,31.98,
-1.75,-10.68,-0.06,-7.69,-18.12,-2.14,
-2.25,-9.87,-0.50,-4.59,-1.01,-11.44,
-2.79,-9.14,-0.57,-1.56,3.40,-10.05,
-3.67,-9.24,-0.38,13.83,7.64,-13.26,

-0.03,6.36,11.87,184.42,240.07,-197.57,
-1.73,6.95,6.30,-1.35,-2.27,-3.21,
-1.62,7.03,6.57,-1.08,-2.79,-2.35,
-1.85,7.29,6.59,-15.44,11.42,18.59,
-8.91,8.40,10.51,-103.91,-37.44,113.94,
-10.85,9.71,5.03,29.59,-187.76,248.50,
-11.38,5.80,0.72,50.70,-237.61,286.68,
-7.58,0.94,-0.23,-31.15,-55.06,268.34,
-3.64,-2.10,-0.85,-46.02,-63.16,162.34,
-2.30,-6.18,-0.41,-34.55,-48.44,81.18,
-2.55,-9.22,-0.29,-6.64,-22.08,10.14,
-3.19,-9.84,-0.12,-7.74,-6.70,-10.48,
-3.57,-9.70,-0.43,-8.76,-10.47,-5.49,
-3.84,-9.27,-0.46,7.67,10.61,-4.15,

-4.19,7.01,-3.66,-238.80,-265.14,257.70,
-1.28,6.20,7.36,-1.58,-1.20,-5.22,
-1.72,6.40,6.95,-5.27,4.19,-1.90,
-2.03,6.81,6.90,-20.50,1.64,23.16,
-8.54,8.87,11.60,-129.35,-47.89,123.64,
-10.43,9.07,5.34,50.01,-141.42,230.48,
-10.93,5.51,1.43,42.98,-214.15,286.68,
-7.61,0.02,-0.30,-30.67,-53.54,272.55,
-4.55,-3.00,-0.45,-22.73,-86.16,180.02,
-3.71,-6.54,0.02,-34.72,-72.52,98.09,
-2.14,-9.37,-0.30,-14.40,-51.54,50.08,
-1.54,-9.65,-0.47,-8.79,-25.85,10.37,
-2.10,-9.53,-0.75,-2.88,-6.74,-12.88,
-2.20,-9.89,-0.70,-1.12,10.58,-12.98,
-2.25,-9.29,-0.20,15.26,9.49,-15.74,

-3.20,6.63,-0.96,-217.28,-257.56,237.53,
-1.16,6.01,7.44,0.40,1.75,-3.25,
-1.01,6.04,7.20,0.97,-6.90,-7.80,
-1.81,6.52,7.05,-13.63,6.48,-0.31,
-5.35,6.54,10.43,-41.50,-82.42,68.85,
-8.13,10.14,5.83,-83.12,-153.38,203.19,
-10.31,6.92,2.18,38.47,-263.18,286.68,
-8.59,0.93,-0.53,-41.27,-40.38,262.82,
-6.66,-2.35,-1.18,-35.88,-70.60,197.48,
-3.49,-5.31,-0.39,-28.58,-92.20,156.63,
-1.00,-7.28,0.68,-4.82,-59.06,62.27,
-1.02,-9.07,-0.92,-4.74,-26.53,-3.43,
-2.38,-9.39,-1.40,-4.74,-7.80,-18.36,
-2.79,-9.62,-1.60,3.01,0.17,-14.93,
-3.34,-9.16,-1.57,6.90,16.73,-8.60,

-1.64,5.55,8.65,-99.22,39.05,74.53,
-1.69,5.73,7.53,-1.38,1.77,-2.15,
-1.73,5.77,7.47,0.49,1.22,-0.82,
-1.84,6.01,7.44,-2.07,22.64,11.75,
-4.84,5.57,10.15,-18.98,-15.57,38.87,
-9.11,7.54,17.24,31.37,-268.96,208.27,
-10.36,6.98,3.25,22.28,-189.78,286.34,
-9.12,1.84,0.08,0.90,-125.26,286.64,
-6.98,-1.50,0.10,-18.42,-74.36,222.30,
-4.00,-5.24,-0.30,-31.92,-45.82,140.43,
-2.26,-7.87,-0.79,-23.59,-57.87,69.17,
-1.85,-9.01,-0.66,-11.33,-23.84,11.37,
-2.37,-9.81,-0.45,-3.29,-9.93,-10.68,
-2.94,-9.92,-0.88,4.05,3.67,-13.13,
-3.29,-9.27,-1.06,12.59,9.86,-5.36,

-0.36,5.62,13.06,264.06,204.97,-262.72,
-1.18,5.90,7.66,-1.01,-1.50,-4.12,
-1.20,5.87,7.67,-0.53,-2.93,-3.44,
-1.59,6.09,7.40,-2.35,0.66,8.29,
-4.54,7.56,9.82,-88.33,72.50,124.03,
-7.89,8.92,7.02,-48.74,-60.31,202.72,
-10.53,6.80,3.40,61.56,-185.42,286.68,
-8.63,0.60,0.49,47.86,-175.33,286.57,
-6.03,-1.90,0.27,17.58,-143.31,203.79,
-3.48,-4.74,-0.72,-38.88,-59.78,112.70,
-1.86,-7.39,-1.00,-29.07,-18.87,58.27,
-1.70,-9.53,-0.50,-3.94,-1.36,7.86,
-2.30,-9.95,-1.07,-2.21,-8.57,-15.59,
-2.95,-9.77,-1.60,5.31,3.26,-6.87,
-3.14,-9.24,-1.56,4.08,-1.91,-3.49,
-3.00,-9.25,-1.87,3.47,10.62,-5.53,
-3.09,-8.78,-1.60,8.87,-1.65,-14.41,

-4.26,6.44,-3.28,-285.22,-269.12,285.62,
-1.36,5.51,7.85,-2.12,2.42,-5.01,
-1.18,5.59,7.92,-0.47,2.14,-1.65,
-1.34,5.73,7.79,-4.87,15.76,7.57,
-4.09,6.64,7.20,-30.28,-35.91,58.04,
-13.71,7.75,8.46,-280.65,-252.59,190.22,
-12.35,6.96,3.87,9.15,-286.72,286.68,
-10.75,3.36,-0.56,-36.96,-78.54,286.68,
-5.16,-0.88,-0.06,-14.33,-113.61,232.40,
-2.58,-4.44,-0.42,-43.20,-56.11,136.35,
-1.41,-7.90,-1.44,-27.69,-27.89,47.08,
-1.83,-9.27,-0.94,-5.04,-16.93,-4.73,
-2.58,-9.65,-0.60,-1.06,-5.75,-11.59,
-2.92,-9.89,-0.42,-2.05,-5.01,-6.20,
-2.87,-9.19,-0.35,6.05,3.23,-11.20,
-3.09,-9.27,-1.11,17.00,5.47,-23.80,
