1.46,9.41,-0.95,-84.39,-164.55,82.99,
2.19,9.11,2.08,-0.53,0.85,0.45,
2.16,9.12,2.10,-1.61,0.13,0.88,
2.19,9.13,2.14,-1.93,-1.86,-0.57,
1.93,9.25,2.32,1.76,-5.20,1.27,
0.31,11.37,1.98,3.24,-89.48,2.84,
-0.57,10.88,4.42,30.61,-183.53,-6.20,
0.94,11.50,2.06,5.67,-192.77,42.13,
1.04,10.76,3.67,-75.08,-162.45,0.24,
1.70,4.00,2.19,-93.36,-14.26,-37.56,
0.93,6.82,2.48,-10.44,68.28,20.34,
-0.16,8.78,2.06,74.78,90.47,-7.31,
-1.25,10.39,1.61,26.53,28.40,-0.10,
-1.38,10.10,1.35,-14.73,-5.48,12.60,
-1.20,9.03,1.45,0.11,-5.22,12.28,

-2.64,9.19,-7.28,-277.17,-277.58,282.02,
0.42,8.23,4.91,-0.89,1.44,-0.17,
0.74,8.18,4.62,-4.95,9.06,-1.58,
0.45,8.51,4.92,-2.57,20.68,-5.68,
-0.74,9.99,4.68,0.76,23.39,7.27,
-0.08,14.50,3.61,-1.27,-70.14,-6.82,
-3.66,12.92,5.04,-57.44,-148.07,6.41,
1.66,10.17,4.30,-286.72,-286.72,107.90,
-1.73,5.05,2.73,-79.46,-60.73,-0.17,
-2.96,6.95,1.80,3.62,67.44,18.39,
-4.11,8.19,0.55,38.37,51.96,22.14,
-4.03,10.27,0.87,17.93,13.08,8.57,
-4.28,9.18,0.91,-0.77,2.04,5.02,
-3.48,8.85,0.84,0.38,-0.51,5.91,
-2.91,8.76,0.84,17.33,23.06,-2.39,

-0.42,7.20,9.66,138.68,213.30,-140.08,
-1.39,8.03,6.03,-10.99,-2.85,3.43,
-1.78,7.88,5.74,-20.21,2.98,7.69,
-1.77,8.16,5.37,-28.23,-4.83,11.73,
-1.95,8.30,4.66,-16.48,23.22,14.01,
-2.65,10.33,2.86,-46.57,3.95,16.00,
-3.75,12.48,-0.64,-108.91,-41.36,-23.71,
-0.93,10.49,4.57,-100.06,-132.43,-65.86,
-2.03,9.03,3.85,-79.61,-56.09,-13.58,
-1.72,7.71,1.63,-58.67,-31.54,20.47,
-2.01,9.16,0.85,-20.34,-20.29,17.33,
-1.63,9.27,-1.48,-9.59,-14.78,13.27,
-1.34,8.62,-2.36,0.19,1.99,8.30,
-1.02,9.25,-3.03,11.92,31.61,-11.08,
-2.26,9.35,-1.60,8.02,12.40,3.55,
-4.76,8.11,-0.36,13.29,17.63,45.13,
-1.26,8.09,-0.50,57.36,62.22,19.66,
-2.31,9.17,6.16,198.77,101.08,6.40,

1.84,7.96,8.68,120.64,201.27,-119.31,
1.24,7.36,5.28,5.83,0.62,1.32,
1.41,7.58,5.64,3.15,2.55,1.29,
0.81,8.53,5.34,2.17,1.21,-3.87,
-0.28,8.98,5.29,-31.42,-53.29,2.24,
-1.74,10.35,3.57,-71.14,-63.83,28.60,
-0.68,9.30,2.16,-59.04,-70.66,-4.38,
-2.45,9.23,3.99,-63.51,-64.90,-23.37,
-0.76,7.68,0.57,-91.87,-60.59,19.93,
-1.15,10.41,2.35,-23.10,-61.98,-3.05,
-1.97,10.82,0.42,-5.99,-11.63,17.78,
-1.21,9.30,-0.53,-0.69,11.58,5.57,
-1.95,8.80,-1.17,18.81,-2.21,-9.02,
-1.80,9.43,0.31,2.64,13.85,-2.47,
-1.64,9.29,-0.44,-4.38,6.19,6.32,
-1.64,9.61,-0.03,14.88,7.62,4.72,
-3.02,8.67,1.79,43.04,27.54,30.37,

-0.31,6.73,16.16,283.80,271.68,-285.24,
-3.16,7.45,4.97,-11.29,-2.36,7.20,
-3.53,7.69,4.73,-12.78,7.23,8.87,
-3.66,8.29,4.30,-17.61,-7.91,3.02,
-4.85,10.81,1.97,-14.73,-71.60,-32.29,
-2.92,11.13,2.67,-72.89,-112.65,-89.00,
-3.79,8.03,5.36,-60.65,-51.30,-36.34,
-4.22,7.99,1.29,-91.18,-16.46,-8.84,
-2.40,9.06,1.64,-69.45,-51.65,-10.06,
-1.63,8.17,0.93,-49.73,-18.30,-0.29,
-2.48,8.85,-3.05,-20.08,11.21,3.30,
-2.13,9.63,-2.87,0.54,-2.95,-1.84,
-1.88,9.57,-2.87,5.32,3.85,1.04,
-2.33,7.94,0.34,14.56,60.86,21.54,
-1.71,8.28,-1.82,67.64,137.44,41.89,
-4.89,8.04,2.59,112.15,116.33,-38.75,

-4.26,9.11,-4.26,-278.71,-228.97,279.51,
-2.44,8.38,4.28,-0.57,-1.29,2.63,
-2.69,8.39,4.34,-2.11,-2.20,3.13,
-3.78,9.46,3.02,-15.86,-27.57,9.12,
-3.95,10.35,1.78,-25.40,-117.47,-9.45,
-4.87,10.91,1.54,-36.74,-90.03,-34.71,
-3.06,10.75,0.45,-69.85,-107.85,-41.41,
-2.79,8.23,0.89,-82.53,-45.72,-5.28,
-2.64,8.33,-0.53,-74.10,1.85,18.39,
-1.69,8.27,-2.58,-39.72,25.13,0.79,
-2.28,7.68,-3.10,-16.65,47.36,-11.70,
-2.94,8.22,-3.25,1.32,41.83,-10.68,
-3.03,8.72,-2.95,10.33,19.99,0.25,
-2.69,8.49,-3.62,10.75,8.44,5.49,
-3.28,8.38,-3.58,6.47,14.77,1.17,
-3.38,8.41,-3.07,10.79,22.17,0.47,

-0.35,7.60,11.46,207.48,258.00,-223.97,
-2.26,7.96,5.04,-5.90,-1.02,4.93,
-2.92,8.56,4.54,-7.88,-2.99,5.52,
-4.68,10.35,2.14,-33.43,-80.28,13.05,
-4.79,9.84,0.80,-44.84,-94.30,6.46,
-2.65,10.78,1.40,-53.16,-61.56,-28.82,
-2.54,8.34,2.00,-63.34,-11.63,-54.19,
-2.91,7.45,0.40,-75.08,12.76,-15.22,
-1.76,9.42,-1.05,-53.23,26.95,9.98,
-2.89,8.30,-1.78,-23.68,23.17,3.17,
-3.63,8.33,-1.54,-4.95,11.31,7.08,
-3.29,8.70,-2.34,-0.73,8.25,8.81,
-3.24,9.02,-2.83,0.52,7.31,1.24,
-3.13,8.82,-2.72,0.25,2.97,0.57,
-3.40,8.55,-2.50,-18.78,-17.66,3.24,

-2.80,7.29,7.53,76.88,173.60,-69.33,
-3.62,7.57,4.95,-0.81,-4.60,-0.04,
-3.56,7.66,4.82,-0.57,-2.99,1.93,
-3.90,8.25,3.84,-4.73,-11.81,0.08,
-3.29,10.14,1.26,-36.20,-55.22,-53.05,
-4.28,10.80,2.47,-67.79,-49.38,-49.35,
-4.03,9.61,2.81,-93.44,-55.61,-22.57,
-1.96,10.83,1.31,-89.42,-26.98,-17.67,
-2.73,9.80,1.09,-53.02,-20.18,-11.96,
-2.51,7.74,-0.84,-45.76,31.83,-11.86,
-2.48,8.17,-2.21,-9.69,3.05,9.84,
-2.72,8.33,-2.96,-3.77,10.64,9.79,
-2.13,8.94,-2.92,5.70,10.04,10.73,
-2.33,9.25,-3.24,0.85,-5.43,5.22,
-2.44,8.85,-3.26,23.05,22.76,8.72,

-6.23,8.38,-7.07,-278.54,-273.93,282.54,
-3.13,7.70,4.89,-5.76,6.99,-1.72,
-3.26,7.76,5.13,-0.90,6.95,0.46,
-3.94,8.57,3.37,-5.93,-14.31,-5.17,
-4.46,10.02,1.88,-43.21,-54.54,-67.34,
-5.01,9.77,2.85,-68.01,-98.63,-19.56,
-2.18,9.97,3.10,-90.27,-78.11,18.10,
-2.22,9.83,2.02,-54.94,-60.80,-13.16,
-1.83,9.02,-0.02,-54.36,7.41,-48.61,
-2.53,7.31,-0.82,-10.22,59.16,-31.32,
-2.70,8.96,-1.71,7.15,46.41,-6.49,
-2.95,9.22,-1.46,-3.69,20.06,5.05,
-2.36,9.66,-1.62,-0.55,-14.18,12.01,
-2.64,9.32,-1.70,-4.16,-7.42,6.88,
-2.67,9.13,-1.12,9.91,23.27,6.08,

-1.25,6.27,14.35,281.10,239.57,-281.29,
-3.10,6.92,5.94,-0.48,2.00,-0.22,
-3.06,7.04,5.72,-2.71,1.23,0.45,
-2.99,8.06,4.31,-28.25,11.80,-7.12,
-4.70,9.50,3.80,-37.82,-29.68,-53.87,
-4.55,10.73,1.91,-75.79,-85.80,-27.99,
-2.54,9.78,2.39,-99.80,-96.26,-35.09,
-1.48,10.70,4.55,12.55,-85.74,-44.21,
-1.11,8.93,2.77,-54.23,-5.11,-38.12,
-2.48,7.81,0.10,-77.66,20.53,-12.40,
-1.55,7.82,-1.89,4.45,19.60,14.41,
-1.21,9.40,-1.63,6.35,10.23,17.77,
-1.05,9.56,-1.69,1.55,9.81,3.28,

-2.84,7.07,2.84,-245.03,-167.74,240.90,
-2.26,6.86,5.82,-8.00,5.77,-1.58,
-2.23,7.38,6.39,-13.10,4.28,-0.12,
-3.25,8.29,3.68,-32.31,-41.46,-16.98,
-1.75,9.59,2.37,-86.56,-39.65,-74.47,
-2.88,9.39,4.21,-107.37,-36.39,-10.26,
-1.16,10.14,4.25,15.62,-33.15,6.15,
-1.16,10.69,3.54,-62.63,-62.55,-19.34,
-2.04,8.39,1.87,-97.88,-15.42,-30.42,
-2.00,7.60,-0.09,-29.65,-4.05,-16.13,
-1.28,8.24,-1.19,-12.68,-12.42,7.32,
-1.45,9.53,-1.23,9.40,-1.38,12.22,
-1.70,9.87,-1.23,5.40,7.66,5.14,
-1.26,9.29,-1.94,-9.84,5.61,2.14,
-1.81,9.59,-1.53,1.95,1.92,3.68,

0.72,5.96,13.38,205.28,255.47,-222.09,
-1.60,6.46,6.79,-1.30,1.50,-0.74,
-1.66,6.53,6.89,-2.09,-2.78,-0.22,
-1.52,6.75,6.48,-5.23,0.53,0.88,
-2.30,7.26,3.66,-39.45,-35.48,-17.32,
-2.22,8.59,4.04,-78.98,-45.51,-52.78,
-3.14,9.59,2.06,-63.46,-74.78,-36.95,
-2.12,10.87,6.28,-80.80,-76.47,-15.39,
-1.43,9.15,2.99,-87.30,-53.88,-11.06,
-2.87,8.20,1.28,-53.47,-27.90,13.61,
-2.04,9.05,0.78,-25.82,-30.37,29.71,
-2.03,8.89,-0.85,-10.47,-3.08,10.81,
-2.80,9.65,-0.37,21.00,37.35,15.37,
-2.24,9.76,-2.05,-6.31,26.66,-10.72,
-3.00,9.28,-0.64,0.30,6.50,2.40,
-2.87,9.62,-0.65,3.73,-3.72,6.48,

-2.51,7.03,3.92,-86.76,-166.98,84.81,
-1.66,6.65,6.73,-5.03,-5.31,1.01,
-1.34,6.82,6.91,-4.03,2.70,2.82,
-2.68,7.72,4.72,-32.23,-39.93,-23.57,
-1.12,9.42,3.94,-72.25,-35.79,-71.43,
-2.31,8.51,3.36,-108.70,-60.68,-24.05,
-2.70,11.23,5.51,-2.05,-99.10,-0.64,
-2.18,10.05,5.36,-85.20,-57.70,0.90,
-1.77,8.66,1.34,-118.37,13.90,9.26,
-2.68,7.27,0.14,-55.90,-7.60,-5.04,
-2.85,7.69,-0.62,-13.80,-36.58,12.13,
-2.56,9.09,-1.16,10.90,1.41,15.03,
-2.69,9.70,-1.81,6.41,3.85,-3.40,
-2.67,9.34,-1.65,-27.47,-12.83,-7.04,
-2.72,9.38,-2.04,15.84,33.62,5.86,

-3.95,7.40,-4.34,-243.89,-271.36,261.42,
-1.03,6.56,7.18,-0.72,2.01,-1.44,
-0.93,6.52,6.90,-3.57,-1.37,4.50,
-1.46,7.34,6.21,-12.59,-2.91,-0.71,
-3.84,8.67,5.18,-56.92,-70.16,-1.35,
-1.80,9.55,4.43,-80.81,-84.03,-11.04,
-1.30,10.11,4.31,-60.96,-73.24,-16.48,
-1.62,10.21,4.62,-49.01,-53.21,-18.19,
-1.93,9.10,3.61,-93.15,-29.48,-22.62,
-2.30,8.60,1.28,-75.36,-12.43,-27.60,
-1.50,8.31,-0.48,-27.18,5.95,-5.62,
-2.00,8.62,-1.15,4.73,36.24,5.69,
-2.20,9.27,-1.12,11.40,11.04,4.81,
-2.50,9.89,-1.07,-2.70,0.38,1.06,

2.59,5.94,18.83,267.27,282.70,-276.96,
-0.66,7.14,6.49,-0.25,-0.52,-0.07,
-0.70,6.94,6.85,-2.96,-1.35,0.85,
-0.91,7.25,6.19,-8.03,-2.70,-2.99,
-2.78,8.55,4.74,-45.45,-32.68,-5.31,
-1.52,8.96,2.72,-65.34,-70.37,-18.39,
-2.11,10.54,4.93,-9.54,-75.72,-8.84,
-2.55,8.89,5.84,-41.08,-87.75,4.30,
-0.84,9.06,4.24,-74.04,-17.14,4.85,
-3.04,9.43,2.40,-84.94,-24.50,-1.37,
-2.86,8.55,-0.24,-54.54,-32.82,-0.39,
-2.46,8.39,-0.41,-11.19,-3.52,13.49,
-2.59,8.75,-1.21,0.03,-1.67,8.70,
-2.98,9.60,-1.16,8.56,7.27,0.87,
-2.86,9.46,-1.24,11.11,17.44,0.83,
-2.61,9.37,-0.98,5.72,-5.10,4.22,

0.67,6.66,10.20,130.62,206.05,-131.13,
-0.28,7.20,6.44,-2.78,1.91,2.09,
-0.58,7.80,5.82,-9.76,3.68,5.15,
-1.45,7.98,4.38,-54.97,-14.51,1.97,
-1.41,8.76,3.91,-74.60,-46.27,14.39,
-2.37,9.74,4.94,-30.00,-119.65,-10.34,
-2.04,8.91,6.00,-80.08,-35.59,-28.31,
-1.35,8.55,3.97,-50.51,-36.52,17.46,
-2.35,9.14,2.24,-63.11,-20.40,9.19,
-2.60,8.98,0.59,-54.32,-30.27,-3.06,
-2.42,8.74,-0.54,-20.21,-13.49,10.72,
-2.44,9.06,-1.08,-0.24,-20.42,4.59,
-1.94,9.34,-1.46,-1.08,-7.18,1.99,
-2.49,9.64,-1.04,6.43,0.65,0.45,
-2.60,9.43,-1.01,5.97,9.27,1.66,
-2.49,9.16,-0.69,12.09,5.35,4.08,

2.42,5.61,19.13,280.83,279.63,-283.74,
-0.70,6.76,7.00,-1.42,1.50,-2.26,
-0.81,7.05,6.44,-8.93,-2.00,1.15,
-1.55,7.18,4.96,-47.18,-10.01,-4.39,
-1.28,9.34,4.16,-66.26,-37.59,2.00,
-0.91,11.43,2.58,-118.90,-46.24,-16.81,
-1.84,9.67,4.01,-28.50,-94.21,-8.25,
-2.57,8.99,3.74,-80.58,-89.66,7.95,
-1.95,8.69,2.33,-103.79,-77.52,7.16,
-1.76,9.34,-0.45,-54.56,1.82,-16.20,
-2.95,7.50,-1.06,-7.38,27.37,-8.05,
-2.34,8.69,-1.28,9.74,13.13,17.94,
-2.46,9.78,-1.73,3.99,-6.00,2.80,
-2.42,9.26,-1.36,5.87,-4.33,7.86,
-2.26,9.27,-1.37,3.44,3.51,4.80,
-2.34,8.85,-1.57,6.59,13.71,2.11,
-3.08,9.11,-0.80,12.43,4.97,5.87,

-1.69,6.41,7.10,-138.36,-3.52,105.20,
-1.70,6.69,7.03,-14.10,-6.54,-3.55,
-2.86,7.24,5.93,-13.44,-22.92,6.91,
-4.60,9.29,3.67,-60.58,-94.20,-11.02,
-4.42,8.65,3.13,-106.72,-164.78,-39.86,
-3.88,6.93,0.92,-131.15,-104.87,-74.23,
-3.21,10.19,1.85,-90.76,-28.67,-6.68,
-2.04,9.81,0.34,-41.05,37.06,2.56,
-2.78,8.56,-1.41,-31.97,77.90,-13.45,
-3.61,7.62,-1.38,-4.34,92.65,-15.93,
-4.44,8.83,-1.63,8.93,34.26,1.46,
-3.93,9.37,-0.63,-2.46,13.18,2.27,
-3.53,9.13,-0.88,-10.71,4.81,5.27,
-3.33,9.29,-1.05,-4.07,4.60,0.92,
-3.57,9.24,-1.34,4.36,7.03,-1.92,
-3.84,8.92,-1.37,-2.96,0.68,-2.42,
-3.79,9.64,-0.12,8.51,-1.44,-2.05,
-2.02,9.76,3.50,108.45,29.74,27.56,

-2.64,6.64,7.51,-49.48,81.07,38.17,
-3.15,6.82,6.08,0.53,-2.86,-1.43,
-3.13,7.00,6.05,-1.53,3.86,1.97,
-4.04,7.88,4.55,-22.71,4.80,-1.38,
-4.15,7.60,3.23,-45.29,-7.27,-9.06,
-3.44,9.96,2.90,-75.34,-68.54,-22.07,
-2.70,9.72,3.34,-73.63,-23.96,-23.20,
-3.06,9.75,3.86,-18.63,-15.78,-0.42,
-2.53,7.86,3.84,-10.94,-18.80,12.57,
-2.93,8.47,2.17,-33.87,-62.14,13.40,
-3.82,8.20,0.83,-37.53,4.18,20.80,
-4.79,8.71,-0.40,-22.43,5.79,-1.39,
-4.66,8.52,-0.54,1.59,1.29,-1.42,
-3.90,8.88,-0.07,15.51,-23.20,3.33,

-5.44,6.05,-1.26,-278.32,-229.14,279.11,
-3.54,5.52,7.08,-0.90,4.73,-2.73,
-3.35,5.71,7.11,-3.49,3.18,1.49,
-4.07,6.38,6.21,-16.89,18.54,-2.28,
-5.26,5.92,5.18,-55.62,-48.27,-1.53,
-3.70,8.70,3.91,-52.72,-70.59,-35.57,
-2.66,9.82,3.25,-90.77,-41.29,-46.17,
-3.38,10.83,4.29,-31.84,-22.92,-8.27,
-3.35,9.08,4.40,-25.72,-40.92,-15.44,
-3.41,8.26,3.51,-97.68,-30.70,-2.14,
-3.42,6.87,-0.45,-47.66,-13.89,-3.25,
-2.91,7.92,-0.53,-1.34,1.77,19.95,
-3.64,9.33,-0.34,6.30,3.42,11.09,
-4.03,8.97,-0.66,-1.65,12.93,0.57,
-3.80,8.98,-0.30,-6.82,12.22,3.73,
-3.76,9.33,-0.05,0.15,43.71,-5.05,

-2.16,5.81,8.48,-73.22,58.51,55.16,
-2.59,6.02,7.20,-0.64,4.52,1.72,
-2.55,5.71,7.28,-3.17,8.18,0.73,
-2.37,6.12,7.15,-2.56,-4.64,-0.10,
-2.65,6.33,6.78,-5.99,-0.80,6.54,
-4.08,5.68,3.42,-63.78,-49.25,18.73,
-4.85,8.27,2.38,-87.33,-82.77,-26.84,
-3.29,9.38,6.70,83.12,-15.31,-138.36,
-3.71,8.42,7.90,4.62,-29.57,23.07,
-4.10,8.33,3.88,-9.56,-39.07,47.43,
-5.56,7.08,4.51,-42.21,-5.57,53.77,
-5.01,6.99,3.36,-27.01,-14.81,17.55,
-5.53,8.49,0.74,-43.83,1.92,-3.77,
-5.55,7.75,2.02,-1.89,2.74,-4.13,
-5.33,7.58,1.75,0.09,8.83,-5.28,

1.65,6.83,16.63,285.35,261.38,-285.57,
-0.91,8.05,5.18,-6.05,28.59,5.88,
-0.97,8.07,5.49,-0.91,21.15,2.46,
-0.72,8.25,5.58,-1.94,2.25,4.73,
-3.34,11.23,3.36,-42.85,-1.03,12.12,
-3.03,9.39,2.93,-79.23,-70.07,47.77,
-2.60,9.41,2.19,-67.20,-152.07,52.16,
-2.87,9.46,4.62,-17.99,-24.68,51.21,
-4.29,8.98,3.93,-17.81,-11.66,-0.76,
-5.00,7.65,2.85,-28.13,43.65,-14.30,
-4.74,8.19,0.82,-11.34,23.14,-5.69,
-4.91,8.63,0.63,-2.77,23.37,8.77,
-4.76,8.86,0.76,5.87,4.79,8.02,
-4.67,8.70,0.65,13.75,5.15,2.84,
-4.38,8.89,0.93,16.72,29.11,9.40,
-4.49,8.51,2.70,19.77,64.22,5.71,

-0.80,8.67,2.58,-18.93,-116.27,17.68,
-0.34,8.61,4.68,-7.22,17.88,1.99,
-0.19,8.62,4.56,-7.47,19.65,4.67,
-2.05,10.17,3.24,-20.84,5.54,19.86,
-2.67,10.10,2.65,-36.87,-89.36,34.37,
-2.17,8.81,2.46,-23.55,-121.20,39.02,
-2.69,10.46,3.25,-84.24,-94.94,13.01,
-2.43,8.58,2.39,-60.10,-37.90,-4.65,
-3.55,8.34,1.10,-19.68,-52.05,6.46,
-3.43,8.66,-0.15,-12.40,13.01,15.02,
-3.82,8.12,-0.85,-16.57,39.48,0.32,
-4.37,8.62,-0.65,16.70,11.35,5.74,
-4.68,9.11,-1.00,4.73,8.36,0.88,
-4.72,8.97,-0.26,7.08,3.37,3.85,
-4.48,8.76,0.99,14.17,19.69,4.96,

-0.58,8.32,4.39,-221.83,-132.53,209.63,
-0.55,8.23,4.93,1.11,1.83,3.16,
-0.58,8.39,5.03,-0.31,0.83,4.74,
-1.37,9.26,4.77,-33.24,4.54,4.78,
-3.69,11.35,1.70,-59.05,-52.54,25.95,
-2.48,11.20,3.19,-70.36,-106.91,35.25,
-2.63,10.98,2.65,-86.06,-41.97,29.40,
-1.72,7.24,1.13,-76.95,-50.11,23.13,
-2.05,6.34,-0.04,6.36,-113.18,34.91,
-2.46,8.40,-0.51,23.77,-55.01,20.78,
-4.64,8.65,-1.40,-0.40,38.84,-1.37,

1.66,7.98,11.99,276.19,228.82,-276.11,
-0.23,8.35,4.65,1.61,3.25,2.37,
-0.45,8.55,4.81,-0.09,-0.36,1.16,
-0.25,8.51,4.38,-2.12,-1.30,-0.13,
-0.91,8.74,4.14,-12.54,2.08,1.91,
-2.16,9.26,2.72,-35.77,-25.63,22.57,
-2.62,9.42,1.87,-57.02,-119.53,42.56,
-2.86,11.47,0.39,-18.48,-81.56,16.12,
-3.68,12.65,1.19,-96.54,-46.97,-16.27,
-3.10,8.02,0.26,-62.64,-112.98,16.65,
-2.74,7.19,-1.71,-29.85,-97.98,29.96,
-2.66,7.76,-2.17,-32.98,-38.96,27.16,
-2.99,7.67,-2.57,-13.77,2.99,-6.68,
-3.62,8.08,-3.41,-1.00,77.08,-16.25,
-3.74,8.81,-3.52,9.18,49.96,-3.09,
-3.59,8.59,-2.86,19.07,31.15,0.59,

0.23,7.97,5.82,-131.70,5.85,99.21,
0.16,8.28,5.03,-1.44,-0.03,-0.58,
0.03,8.14,5.11,-2.28,1.91,-2.22,
0.08,8.41,5.04,-2.17,2.95,1.74,
-0.67,9.04,4.09,-5.97,5.60,6.47,
-1.83,9.90,3.77,-35.76,-43.55,16.28,
-0.46,10.64,3.27,-47.34,-84.42,8.17,
-1.57,9.60,3.45,-88.21,-66.63,-2.39,
-2.52,8.67,2.22,-44.16,-78.63,28.16,
-2.90,9.36,1.16,-112.87,-119.82,36.42,
-3.25,8.95,-0.66,-60.99,-23.53,31.63,
-2.96,7.79,-2.32,-31.04,-11.47,11.89,
-3.76,8.09,-2.67,2.08,13.44,18.72,
-4.00,8.37,-2.77,-4.97,0.91,-2.79,
-3.81,8.51,-2.92,11.23,-0.97,0.36,
-3.99,8.77,-2.59,3.65,27.76,-1.55,
-4.26,8.49,-2.14,13.71,24.30,1.57,

4.13,7.22,17.95,269.92,282.06,-278.52,
0.17,8.88,5.10,-8.57,5.99,1.74,
-0.33,8.93,4.60,-11.02,-27.48,9.90,
-1.08,10.29,3.60,-22.98,-43.65,26.96,
-1.89,9.49,3.47,-65.72,-86.06,47.23,
-2.17,11.98,3.68,-75.13,-96.04,44.39,
-2.08,10.27,1.79,-87.83,-136.27,-2.70,
-2.21,6.42,0.85,-66.10,-88.15,-5.10,
-1.84,7.60,-2.24,-18.32,-0.32,19.62,
-2.03,8.77,-2.64,-11.46,57.47,-7.76,
-3.36,8.75,-2.85,5.14,31.87,-1.24,
-3.63,8.73,-2.66,1.94,-3.46,1.38,
-3.17,8.75,-2.58,4.43,-0.31,2.75,
-3.57,8.48,-1.85,14.67,24.78,3.05,

-0.44,8.58,-1.42,-206.93,-249.04,224.85,
1.54,7.85,5.23,-0.90,1.62,-0.53,
1.65,8.15,5.22,-4.66,3.01,-0.96,
1.54,7.86,5.30,-0.70,-1.78,1.76,
1.46,8.21,4.91,-2.77,-0.62,0.71,
-0.12,8.80,2.83,-30.00,-10.18,22.94,
-0.49,11.61,3.76,-46.69,-71.30,29.66,
-1.38,11.13,2.24,-87.74,-70.73,53.12,
-0.88,11.05,3.51,-81.61,-109.62,43.62,
-1.38,9.05,1.68,-86.78,-54.04,20.76,
-1.78,8.53,-0.89,-53.13,40.03,0.03,
-2.87,7.65,-1.15,-21.10,43.17,2.38,
-3.92,8.01,-1.55,-6.79,2.65,2.70,
-3.98,8.86,-1.71,-10.34,7.56,-1.57,
-3.60,8.49,-1.91,-1.50,12.87,2.93,
-3.71,8.37,-1.58,3.63,6.00,-0.74,

0.71,7.91,3.81,4.97,-93.19,-1.24,
1.50,8.17,5.13,-2.58,9.60,-2.07,
1.66,7.89,5.17,-1.86,1.37,1.46,
1.47,8.21,5.10,2.91,12.77,3.71,
0.08,9.13,4.00,-7.19,7.89,20.72,
-1.41,9.61,3.64,-32.90,-63.80,45.18,
-1.16,9.67,4.17,-23.93,-101.54,20.65,
-1.03,10.28,5.06,-92.70,-75.01,15.02,
-1.07,9.04,3.03,-103.27,-81.30,26.84,
-2.02,7.69,2.32,-96.89,-31.52,29.13,
-2.16,7.50,0.22,-23.73,-15.91,22.95,
-4.16,8.49,-0.58,-11.11,26.04,5.46,
-3.92,8.69,-1.40,1.68,27.88,-5.90,
-3.56,8.87,-0.52,0.27,-3.09,0.31,
-3.09,9.21,-0.30,-6.69,12.84,-5.22,

1.75,8.14,4.72,-210.95,-106.50,192.18,
1.75,8.12,4.76,-0.03,0.50,4.11,
1.73,8.09,5.00,-0.11,16.36,5.66,
1.02,8.78,4.70,-6.62,-6.38,6.11,
-0.21,9.26,3.46,-15.55,-42.70,21.14,
0.27,9.28,3.01,-44.62,-43.83,38.75,
-1.37,10.36,3.63,13.65,-90.42,32.54,
-1.09,11.37,4.56,-81.93,-58.72,11.23,
-1.16,8.57,3.24,-132.18,-44.24,16.95,
-2.26,7.10,0.86,-93.66,29.48,25.93,
-2.22,8.05,0.21,14.26,20.09,27.40,
-3.58,9.36,-1.37,-0.15,2.49,-1.49,
-3.61,8.69,-1.20,1.11,-1.62,-3.18,
-3.56,9.30,-0.50,6.55,-8.46,0.38,
-3.21,9.27,-1.00,9.04,4.58,-5.51,
-3.24,9.17,-0.54,8.85,10.30,-2.67,
-3.11,9.51,-0.08,17.20,12.97,-9.29,

-2.46,9.26,-7.29,-283.44,-281.30,285.12,
0.26,8.40,4.84,-2.91,-6.42,-2.22,
0.02,9.56,4.48,-10.42,-0.43,12.60,
-1.83,8.96,4.26,4.68,8.93,24.32,
-4.13,11.26,4.00,-18.44,-83.35,15.81,
-2.36,10.93,3.16,-66.83,-136.60,33.45,
-2.21,8.68,2.33,-79.65,-79.59,21.18,
-1.79,7.25,1.36,-70.24,-1.77,10.35,
-2.29,7.82,0.56,-1.95,-2.30,15.56,
-4.01,8.86,0.69,-16.41,-0.96,7.56,
-4.90,8.67,-0.61,-9.82,21.02,-1.42,
-4.53,8.52,-0.55,-2.33,27.21,-0.98,
-4.27,8.85,-0.88,1.67,19.40,-1.38,
-4.49,8.61,-0.51,4.48,17.53,-1.67,

3.69,7.05,16.37,286.13,270.54,-286.25,
1.08,8.11,5.30,-0.26,-2.42,0.54,
1.12,7.83,5.43,3.05,-3.62,2.38,
0.11,9.23,4.75,-8.78,6.84,11.83,
0.35,14.84,3.27,-67.41,-86.47,34.50,
-1.05,8.72,3.73,-60.77,-66.05,28.73,
-1.52,9.66,1.91,-56.99,-115.81,40.49,
-1.90,9.54,1.84,-38.38,-55.73,39.48,
-2.48,8.63,1.65,-67.24,-52.99,18.39,
-3.84,7.79,0.36,-41.49,-24.73,-1.90,
-3.66,7.64,-0.44,-3.36,56.18,7.03,
-5.27,8.79,-0.11,6.99,56.00,-14.77,
-4.88,8.78,-0.90,-1.45,15.54,2.04,
-4.11,8.95,-0.58,0.48,-4.85,5.31,
-3.75,8.60,-0.84,10.52,2.56,1.43,
-3.96,8.81,-0.02,13.88,6.01,-3.57,
-3.95,8.37,0.14,12.56,12.63,-8.20,
-3.59,7.63,1.45,27.65,4.02,-8.72,

1.52,7.52,4.30,54.36,-57.57,-38.06,
1.74,7.48,5.70,-0.20,-0.87,-2.22,
1.70,7.55,5.65,-3.65,6.26,2.84,
1.58,7.74,5.42,-2.67,12.77,4.70,
0.25,9.02,4.44,-22.96,4.50,37.16,
-1.78,10.66,3.67,-63.44,-85.49,30.42,
-0.38,8.49,3.56,-78.41,-81.87,45.25,
-1.38,8.68,3.68,-37.65,-85.83,58.71,
-2.05,9.69,3.40,-51.10,-56.31,47.03,
-3.11,8.20,2.77,-62.23,-29.43,5.33,
-4.13,7.67,1.07,-35.32,5.36,-5.65,
-4.12,7.92,0.85,2.28,32.00,8.36,
-4.66,9.14,0.44,-5.33,35.46,8.29,
-4.35,8.71,0.31,2.06,7.39,-3.05,
-4.01,8.93,0.25,4.87,-4.45,1.66,
-3.80,8.47,0.82,15.17,1.40,-5.92,

3.89,6.64,17.21,256.40,279.96,-270.58,
0.81,7.63,5.71,-1.88,-0.53,0.06,
0.87,7.64,5.68,1.96,-2.46,2.95,
0.51,7.95,5.86,-1.20,2.09,3.30,
-0.75,9.80,3.87,-9.97,-13.53,19.09,
-2.18,12.12,4.16,-24.72,-25.26,33.26,
-0.23,11.34,4.65,-70.25,-58.32,46.44,
-0.86,8.57,3.86,-80.14,-30.03,45.15,
-1.17,7.40,2.87,-84.94,-30.97,24.88,
-2.42,7.44,2.58,-42.48,-32.51,-24.31,
-3.64,8.47,1.16,-33.85,-19.63,-2.98,
-4.02,9.05,-0.16,-24.43,1.28,17.88,
-3.89,7.92,-0.99,-1.98,18.04,9.57,
-3.21,8.92,-0.77,22.89,5.53,10.64,
-3.48,8.65,-1.32,21.16,16.34,-1.90,
-3.68,8.87,-0.80,3.08,14.08,-7.23,

1.90,6.62,7.56,-44.60,88.48,34.27,
1.28,7.18,6.20,-6.93,-3.33,-4.29,
1.34,7.16,6.15,3.02,-12.22,0.37,
0.60,7.74,6.43,6.11,-10.25,9.35,
-0.31,9.94,6.69,-19.55,-23.01,-11.95,
-0.63,11.22,7.60,-111.76,-55.86,31.75,
-0.58,7.52,3.66,-70.81,-67.01,68.57,
-0.33,9.21,3.39,-15.44,-101.83,45.00,
-1.58,9.86,3.25,-111.79,-37.49,-26.60,
-2.30,8.10,0.97,-103.92,-23.99,-29.17,
-2.89,7.12,-0.06,-25.15,-13.19,-3.82,
-3.32,8.76,-1.30,18.35,-7.33,40.90,
-3.45,9.91,-1.49,-1.61,-8.80,12.35,
-2.65,8.81,-1.67,2.34,-5.86,7.48,
-2.37,9.16,-1.36,12.55,-10.28,5.20,
-3.01,9.25,-1.13,16.25,-4.05,-2.14,
-2.87,9.24,-1.41,5.35,11.13,-0.67,
-2.79,7.38,0.00,57.91,2.94,11.31,

2.20,7.39,9.23,252.98,186.06,-248.89,
1.22,7.62,5.58,-0.54,-6.66,-1.62,
1.13,7.69,5.81,0.07,-1.51,2.46,
0.24,7.55,5.70,10.47,-0.60,2.93,
-0.48,11.28,5.65,60.73,-19.59,21.97,
-0.05,11.11,5.89,-74.83,-57.44,-27.40,
0.07,9.62,4.80,-117.96,-64.71,24.87,
-0.83,7.93,2.90,-120.23,-53.48,31.50,
-1.02,6.43,1.73,-63.13,-44.48,41.42,
-1.45,8.42,2.84,75.34,-52.38,22.64,
-2.51,9.91,0.96,-11.23,38.55,2.84,
-2.94,8.62,0.11,-2.62,14.78,-6.08,
-2.84,9.06,0.48,19.75,9.13,2.87,
-2.72,9.61,0.62,7.41,10.50,-2.39,
-2.81,9.29,0.79,14.08,3.67,-0.39,

1.23,7.45,6.34,-156.09,-22.29,123.05,
1.30,7.38,5.91,3.26,13.06,8.65,
1.37,7.33,6.07,5.43,0.62,6.57,
0.71,7.90,6.05,7.02,-8.44,1.69,
0.45,11.70,5.74,-37.25,-74.43,-50.25,
1.08,10.24,5.58,-94.84,-93.48,4.24,
0.79,8.05,3.42,-69.21,-16.42,40.53,
-0.05,8.46,3.37,-30.18,-76.47,35.96,
-1.86,8.00,3.95,-35.20,-73.90,9.36,
-2.36,7.48,2.81,-36.42,-14.16,-10.69,
-3.59,8.41,0.93,-17.92,42.69,5.27,
-3.32,9.68,1.32,9.63,31.67,8.31,
-3.48,8.96,0.99,-3.00,0.17,1.18,
-2.32,9.24,1.49,-1.79,-2.33,3.06,
-2.29,8.81,1.50,18.90,15.79,4.66,

0.55,7.13,4.78,-18.10,-122.89,16.31,
1.02,7.09,6.31,-4.63,-8.16,-5.22,
0.75,7.10,6.42,-0.31,1.94,4.66,
-0.94,7.37,6.24,14.83,10.90,25.37,
-2.34,9.77,6.23,-26.06,-82.69,-10.99,
-0.47,8.96,4.59,-178.27,-73.07,3.26,
0.24,7.92,3.97,-78.37,-83.01,19.40,
-0.76,10.47,4.60,-50.64,-86.55,5.67,
-2.24,8.29,2.63,-86.11,-9.15,9.00,
-2.57,7.91,0.60,-55.68,18.34,19.78,
-2.33,8.25,-0.23,0.71,23.86,13.10,
-2.71,9.13,-0.72,34.22,11.52,7.51,
-2.96,9.84,-0.10,8.29,-18.11,5.72,
-2.75,9.49,-0.22,10.82,-0.07,4.24,
-2.59,9.57,0.17,13.97,6.57,-1.75,
-2.74,7.53,0.76,30.76,16.42,4.32,

1.21,6.89,7.03,-179.52,-50.34,146.50,
1.05,6.81,6.67,1.66,-2.84,0.29,
0.98,6.77,6.67,-0.95,-0.64,1.22,
0.53,7.43,6.98,2.84,0.84,4.03,
-0.26,9.70,5.92,-52.14,-43.62,-29.76,
-1.68,9.07,5.72,-58.42,-78.14,4.24,
-0.10,9.32,4.97,-80.56,-110.16,9.82,
-0.90,9.44,5.71,-103.25,-80.12,14.47,
-1.90,7.01,3.75,-130.81,-56.24,-0.34,
-1.86,6.76,1.14,-52.62,9.60,-0.09,
-2.77,8.69,-0.06,2.84,11.49,11.28,
-2.96,9.46,-0.50,5.08,15.80,3.51,
-2.81,9.60,-0.62,6.79,4.01,-0.09,
-2.61,9.29,-0.68,-0.06,9.15,-0.25,
-1.95,8.58,-1.01,13.56,13.46,-0.53,

2.82,6.59,14.62,282.04,243.63,-282.23,
0.94,7.25,6.38,0.18,6.96,5.77,
0.37,8.40,6.56,10.36,-21.05,-0.88,
0.07,9.74,6.01,-32.72,-42.24,6.34,
-1.03,10.22,4.94,-94.55,-55.20,7.31,
-0.73,8.88,5.08,-112.55,-97.45,33.22,
-2.25,8.95,3.44,-81.85,-103.06,43.22,
-2.87,7.85,2.72,-45.52,-54.27,35.27,
-2.46,8.00,0.94,-16.66,-4.57,31.33,
-3.31,8.11,-0.15,-5.32,11.77,11.84,
-3.44,8.58,-0.46,-2.13,-3.38,-3.62,
-4.46,8.95,-0.67,6.50,-2.05,-2.00,
-3.99,8.90,-0.09,4.28,-9.06,0.73,
-4.05,8.85,-0.04,4.05,-0.68,1.55,
-4.11,8.74,-0.13,13.25,1.03,1.95,
-3.89,8.70,0.19,18.00,6.69,0.29,
-3.86,8.45,0.99,44.49,-9.85,10.16,
