-2.20,8.17,4.72,-2.20,8.17,4.72,-1.90,9.49,0.84,-1.90,9.49,0.84,-1.78,9.45,0.68,-1.78,9.45,0.68,
-2.16,8.19,4.86,-2.16,8.19,4.86,-1.89,9.46,0.90,-1.89,9.46,0.90,-1.88,9.48,0.83,-1.88,9.48,0.83,
-2.25,8.23,4.74,-2.25,8.23,4.74,-1.94,9.46,0.70,-1.94,9.46,0.70,-1.98,9.46,0.70,-1.98,9.46,0.70,
-2.47,8.27,5.05,-2.47,8.27,5.05,-1.75,9.64,1.09,-1.75,9.64,1.09,-1.78,9.66,1.13,-1.78,9.66,1.13,
-3.10,8.45,3.60,-3.10,8.45,3.60,-2.86,9.31,0.83,-2.86,9.31,0.83,-2.93,9.54,0.94,-2.93,9.54,0.94,
-19.60,9.66,-6.37,-19.60,9.66,-6.37,-3.60,10.72,2.83,-3.60,10.72,2.83,-3.18,11.05,2.02,-3.18,11.05,2.02,
-8.45,11.63,2.12,-8.45,11.63,2.12,-5.87,10.00,-0.90,-5.87,10.00,-0.90,-5.01,9.64,-2.42,-5.01,9.64,-2.42,
-7.39,7.56,3.50,-7.39,7.56,3.50,-5.12,6.61,-4.24,-5.12,6.61,-4.24,-5.03,6.14,-4.03,-5.03,6.14,-4.03,
-9.28,0.96,2.27,-9.28,0.96,2.27,-6.59,4.76,-4.00,-6.59,4.76,-4.00,-6.44,5.04,-3.95,-6.44,5.04,-3.95,
-8.00,-1.16,0.81,-8.00,-1.16,0.81,-6.10,2.70,-4.89,-6.10,2.70,-4.89,-6.06,2.86,-4.99,-6.06,2.86,-4.99,
-6.03,-3.45,0.12,-6.03,-3.45,0.12,-5.43,0.93,-5.15,-5.43,0.93,-5.15,-5.32,0.98,-5.21,-5.32,0.98,-5.21,
-6.13,-4.27,-1.49,-6.13,-4.27,-1.49,-6.15,0.08,-6.06,-6.15,0.08,-6.06,-6.21,-0.01,-6.07,-6.21,-0.01,-6.07,
-8.26,-5.27,-2.22,-8.26,-5.27,-2.22,-6.82,0.15,-7.26,-6.82,0.15,-7.26,-6.89,0.08,-7.09,-6.89,0.08,-7.09,
-9.64,-5.01,-1.98,-9.64,-5.01,-1.98,-6.93,0.71,-6.90,-6.93,0.71,-6.90,-7.00,0.68,-6.96,-7.00,0.68,-6.96,
-9.67,-3.74,-0.94,-9.67,-3.74,-0.94,-6.21,1.05,-6.73,-6.21,1.05,-6.73,-6.19,1.08,-6.94,-6.19,1.08,-6.94,

-2.12,9.02,2.49,-2.12,9.02,2.49,-2.45,9.35,0.18,-2.45,9.35,0.18,-2.44,9.49,0.23,-2.44,9.49,0.23,
-2.21,9.05,2.69,-2.21,9.05,2.69,-2.47,9.38,0.15,-2.47,9.38,0.15,-2.43,9.41,0.21,-2.43,9.41,0.21,
-2.12,9.00,2.66,-2.12,9.00,2.66,-2.32,9.31,0.04,-2.32,9.31,0.04,-2.35,9.37,0.11,-2.35,9.37,0.11,
-2.14,9.12,2.80,-2.14,9.12,2.80,-2.44,9.43,0.08,-2.44,9.43,0.08,-2.38,9.44,0.16,-2.38,9.44,0.16,
-2.18,9.11,2.62,-2.18,9.11,2.62,-2.41,9.44,0.22,-2.41,9.44,0.22,-2.34,9.39,0.29,-2.34,9.39,0.29,
-4.50,8.78,-0.51,-4.50,8.78,-0.51,-3.13,10.45,0.51,-3.13,10.45,0.51,-3.73,10.14,0.62,-3.73,10.14,0.62,
-13.09,11.63,-5.06,-13.09,11.63,-5.06,-5.74,9.46,0.55,-5.74,9.46,0.55,-5.18,9.19,0.15,-5.18,9.19,0.15,
-10.14,11.26,0.52,-10.14,11.26,0.52,-6.42,9.08,-1.24,-6.42,9.08,-1.24,-6.08,9.02,-1.84,-6.08,9.02,-1.84,
-9.43,6.04,1.16,-9.43,6.04,1.16,-6.16,6.72,-4.59,-6.16,6.72,-4.59,-6.24,6.43,-4.61,-6.24,6.43,-4.61,
-9.12,1.86,0.95,-9.12,1.86,0.95,-8.10,4.57,-6.40,-8.10,4.57,-6.40,-8.01,4.44,-5.66,-8.01,4.44,-5.66,
-8.56,-2.40,-0.52,-8.56,-2.40,-0.52,-6.12,2.30,-6.61,-6.12,2.30,-6.61,-6.05,2.41,-6.53,-6.05,2.41,-6.53,
-5.32,-3.17,-1.70,-5.32,-3.17,-1.70,-5.45,0.70,-5.72,-5.45,0.70,-5.72,-5.41,0.68,-5.68,-5.41,0.68,-5.68,
-5.32,-3.89,-2.34,-5.32,-3.89,-2.34,-5.69,-0.11,-6.46,-5.69,-0.11,-6.46,-5.69,0.07,-6.57,-5.69,0.07,-6.57,
-7.66,-4.89,-2.58,-7.66,-4.89,-2.58,-6.17,0.44,-6.77,-6.17,0.44,-6.77,-6.22,0.39,-6.79,-6.22,0.39,-6.79,
-9.05,-5.06,-2.47,-9.05,-5.06,-2.47,-6.39,0.67,-7.19,-6.39,0.67,-7.19,-6.35,0.66,-7.15,-6.35,0.66,-7.15,
-8.71,-4.88,-2.03,-8.71,-4.88,-2.03,-6.46,0.75,-6.79,-6.46,0.75,-6.79,-6.31,1.18,-7.09,-6.31,1.18,-7.09,
-9.06,-4.49,-1.77,-9.06,-4.49,-1.77,-5.93,0.88,-7.51,-5.93,0.88,-7.51,-6.12,0.52,-7.47,-6.12,0.52,-7.47,

-3.94,9.82,1.77,-3.94,9.82,1.77,-3.80,8.82,-1.80,-3.80,8.82,-1.80,-3.96,8.88,-1.83,-3.96,8.88,-1.83,
-1.90,9.73,3.03,-1.90,9.73,3.03,-2.20,9.79,-2.14,-2.20,9.79,-2.14,-2.27,9.84,-2.05,-2.27,9.84,-2.05,
-0.82,9.43,3.01,-0.82,9.43,3.01,-2.37,9.36,-1.02,-2.37,9.36,-1.02,-2.37,9.26,-1.00,-2.37,9.26,-1.00,
-1.38,8.59,3.24,-1.38,8.59,3.24,-1.73,9.08,-0.78,-1.73,9.08,-0.78,-1.97,9.10,-0.81,-1.97,9.10,-0.81,
-2.70,9.10,1.96,-2.70,9.10,1.96,-2.92,8.20,-1.37,-2.92,8.20,-1.37,-3.02,8.22,-1.39,-3.02,8.22,-1.39,
-16.59,8.51,-1.06,-16.59,8.51,-1.06,-3.45,10.59,-1.56,-3.45,10.59,-1.56,-3.53,10.76,-1.73,-3.53,10.76,-1.73,
-9.81,12.07,-3.61,-9.81,12.07,-3.61,-6.40,10.14,-2.98,-6.40,10.14,-2.98,-6.07,9.93,-2.33,-6.07,9.93,-2.33,
-11.95,8.11,0.64,-11.95,8.11,0.64,-5.60,9.57,-2.96,-5.60,9.57,-2.96,-5.90,9.67,-2.87,-5.90,9.67,-2.87,
-7.83,5.12,0.77,-7.83,5.12,0.77,-5.19,7.07,-5.66,-5.19,7.07,-5.66,-5.46,7.19,-5.83,-5.46,7.19,-5.83,
-6.61,0.30,-0.58,-6.61,0.30,-0.58,-7.02,2.80,-5.55,-7.02,2.80,-5.55,-6.94,2.82,-5.50,-6.94,2.82,-5.50,
-4.83,-3.02,-2.94,-4.83,-3.02,-2.94,-5.47,0.47,-6.21,-5.47,0.47,-6.21,-5.67,0.56,-6.18,-5.67,0.56,-6.18,
-6.80,-5.38,-3.98,-6.80,-5.38,-3.98,-5.98,0.04,-7.19,-5.98,0.04,-7.19,-6.04,-0.04,-6.93,-6.04,-0.04,-6.93,
-8.12,-5.77,-4.00,-8.12,-5.77,-4.00,-6.46,0.21,-7.65,-6.46,0.21,-7.65,-6.39,0.22,-7.80,-6.39,0.22,-7.80,
-8.08,-5.12,-3.71,-8.08,-5.12,-3.71,-6.26,0.34,-7.94,-6.26,0.34,-7.94,-6.23,0.40,-7.68,-6.23,0.40,-7.68,
-7.00,-4.52,-2.49,-7.00,-4.52,-2.49,-5.60,0.70,-6.59,-5.60,0.70,-6.59,-5.68,0.71,-6.67,-5.68,0.71,-6.67,

-3.08,8.60,1.80,-3.08,8.60,1.80,-2.50,8.78,-1.84,-2.50,8.78,-1.84,-2.67,8.81,-1.67,-2.67,8.81,-1.67,
-2.32,9.49,1.28,-2.32,9.49,1.28,-3.24,9.83,-1.23,-3.24,9.83,-1.23,-3.32,9.90,-1.38,-3.32,9.90,-1.38,
-6.49,8.59,0.45,-6.49,8.59,0.45,-2.98,9.37,-0.90,-2.98,9.37,-0.90,-3.10,9.47,-0.83,-3.10,9.47,-0.83,
-11.07,9.39,-1.83,-11.07,9.39,-1.83,-4.01,8.65,-0.72,-4.01,8.65,-0.72,-4.21,8.47,-0.91,-4.21,8.47,-0.91,
-9.09,8.84,-3.01,-9.09,8.84,-3.01,-5.98,7.76,-4.04,-5.98,7.76,-4.04,-5.66,8.91,-3.54,-5.66,8.91,-3.54,
-14.77,5.05,-4.67,-14.77,5.05,-4.67,-8.97,7.93,-4.65,-8.97,7.93,-4.65,-9.03,7.79,-4.83,-9.03,7.79,-4.83,
-11.31,6.10,2.85,-11.31,6.10,2.85,-5.95,7.54,-4.63,-5.95,7.54,-4.63,-5.51,7.73,-4.28,-5.51,7.73,-4.28,
-2.11,-1.68,-0.89,-2.11,-1.68,-0.89,-5.32,1.06,-3.54,-5.32,1.06,-3.54,-5.05,1.52,-3.68,-5.05,1.52,-3.68,
-5.72,-3.91,-3.33,-5.72,-3.91,-3.33,-5.22,0.98,-6.37,-5.22,0.98,-6.37,-5.10,1.21,-6.38,-5.10,1.21,-6.38,
-6.75,-4.31,-3.63,-6.75,-4.31,-3.63,-5.68,0.78,-7.35,-5.68,0.78,-7.35,-5.91,0.60,-7.25,-5.91,0.60,-7.25,
-7.76,-4.73,-4.04,-7.76,-4.73,-4.04,-6.41,0.71,-7.96,-6.41,0.71,-7.96,-6.52,0.71,-7.82,-6.52,0.71,-7.82,
-7.71,-3.99,-3.58,-7.71,-3.99,-3.58,-6.66,1.29,-7.00,-6.66,1.29,-7.00,-6.54,1.57,-6.73,-6.54,1.57,-6.73,

-2.43,8.84,1.74,-2.43,8.84,1.74,-3.72,8.18,-1.55,-3.72,8.18,-1.55,-3.65,8.17,-1.45,-3.65,8.17,-1.45,
-2.39,9.35,3.44,-2.39,9.35,3.44,-1.84,11.07,-0.22,-1.84,11.07,-0.22,-1.84,11.07,-0.35,-1.84,11.07,-0.35,
-1.03,8.19,3.82,-1.03,8.19,3.82,-2.53,8.25,-0.95,-2.53,8.25,-0.95,-2.45,8.14,-1.06,-2.45,8.14,-1.06,
-1.32,8.78,4.07,-1.32,8.78,4.07,-2.23,9.96,-1.32,-2.23,9.96,-1.32,-2.17,10.00,-1.22,-2.17,10.00,-1.22,
-2.85,9.92,3.30,-2.85,9.92,3.30,-3.53,9.61,0.03,-3.53,9.61,0.03,-3.44,9.58,0.10,-3.44,9.58,0.10,
-11.56,9.54,1.79,-11.56,9.54,1.79,-4.37,9.11,-0.39,-4.37,9.11,-0.39,-4.38,9.35,-0.65,-4.38,9.35,-0.65,
-13.98,13.69,-5.54,-13.98,13.69,-5.54,-8.03,10.73,-1.25,-8.03,10.73,-1.25,-7.77,10.59,-1.50,-7.77,10.59,-1.50,
-7.86,13.15,0.05,-7.86,13.15,0.05,-5.36,9.42,-3.97,-5.36,9.42,-3.97,-5.60,9.48,-4.23,-5.60,9.48,-4.23,
-5.29,2.79,0.26,-5.29,2.79,0.26,-4.27,3.88,-4.32,-4.27,3.88,-4.32,-4.86,3.26,-4.70,-4.86,3.26,-4.70,
-5.64,-2.10,-2.43,-5.64,-2.10,-2.43,-5.19,0.89,-9.21,-5.19,0.89,-9.21,-5.74,0.58,-8.18,-5.74,0.58,-8.18,
-3.80,-3.77,-3.74,-3.80,-3.77,-3.74,-4.96,-0.66,-5.10,-4.96,-0.66,-5.10,-4.80,-0.81,-5.24,-4.80,-0.81,-5.24,
-7.58,-4.85,-3.76,-7.58,-4.85,-3.76,-5.68,0.23,-7.57,-5.68,0.23,-7.57,-5.55,0.10,-7.42,-5.55,0.10,-7.42,

-2.96,8.38,3.00,-2.96,8.38,3.00,-3.51,8.58,-0.43,-3.51,8.58,-0.43,-3.50,8.53,-0.28,-3.50,8.53,-0.28,
-2.13,8.94,3.38,-2.13,8.94,3.38,-2.82,8.92,-1.34,-2.82,8.92,-1.34,-2.90,8.71,-1.41,-2.90,8.71,-1.41,
-2.32,9.27,3.85,-2.32,9.27,3.85,-2.55,10.40,-0.75,-2.55,10.40,-0.75,-2.75,10.28,-0.77,-2.75,10.28,-0.77,
-1.63,8.79,4.66,-1.63,8.79,4.66,-2.98,9.09,-0.65,-2.98,9.09,-0.65,-2.94,9.11,-0.58,-2.94,9.11,-0.58,
-4.84,9.75,4.04,-4.84,9.75,4.04,-3.54,10.15,-0.64,-3.54,10.15,-0.64,-3.65,10.19,-0.48,-3.65,10.19,-0.48,
-6.70,8.88,2.67,-6.70,8.88,2.67,-3.51,9.64,-0.23,-3.51,9.64,-0.23,-3.50,9.65,0.12,-3.50,9.65,0.12,
-11.77,10.20,-0.92,-11.77,10.20,-0.92,-5.11,9.91,-0.76,-5.11,9.91,-0.76,-5.43,9.99,-0.85,-5.43,9.99,-0.85,
-9.86,8.29,0.70,-9.86,8.29,0.70,-5.03,9.73,-2.06,-5.03,9.73,-2.06,-4.79,9.24,-2.12,-4.79,9.24,-2.12,
-8.67,3.07,-0.95,-8.67,3.07,-0.95,-6.90,5.47,-5.07,-6.90,5.47,-5.07,-6.87,5.35,-4.94,-6.87,5.35,-4.94,
-8.18,0.09,-2.29,-8.18,0.09,-2.29,-6.45,2.65,-5.83,-6.45,2.65,-5.83,-6.53,2.76,-5.83,-6.53,2.76,-5.83,
-6.84,-3.03,-1.08,-6.84,-3.03,-1.08,-5.94,1.15,-5.38,-5.94,1.15,-5.38,-5.97,1.19,-5.75,-5.97,1.19,-5.75,
-6.21,-2.61,-3.13,-6.21,-2.61,-3.13,-5.16,-0.15,-6.58,-5.16,-0.15,-6.58,-5.16,0.09,-6.14,-5.16,0.09,-6.14,
-7.62,-3.10,-2.23,-7.62,-3.10,-2.23,-5.67,1.72,-7.05,-5.67,1.72,-7.05,-5.56,1.19,-7.59,-5.56,1.19,-7.59,
-7.82,-3.50,-3.04,-7.82,-3.50,-3.04,-6.36,1.35,-6.79,-6.36,1.35,-6.79,-6.26,1.27,-6.78,-6.26,1.27,-6.78,

-1.24,8.49,3.91,-1.24,8.49,3.91,-2.71,9.08,-0.75,-2.71,9.08,-0.75,-2.67,9.14,-0.88,-2.67,9.14,-0.88,
-1.38,8.79,4.07,-1.38,8.79,4.07,-2.84,9.25,-1.10,-2.84,9.25,-1.10,-2.85,9.25,-1.08,-2.85,9.25,-1.08,
-1.44,8.57,4.45,-1.44,8.57,4.45,-2.66,9.22,-0.64,-2.66,9.22,-0.64,-2.68,9.19,-0.70,-2.68,9.19,-0.70,
-1.68,8.06,3.71,-1.68,8.06,3.71,-3.47,7.87,-0.43,-3.47,7.87,-0.43,-3.68,7.91,-0.31,-3.68,7.91,-0.31,
-4.06,10.70,3.09,-4.06,10.70,3.09,-5.15,10.53,-1.22,-5.15,10.53,-1.22,-5.08,10.32,-0.99,-5.08,10.32,-0.99,
-9.69,7.76,1.02,-9.69,7.76,1.02,-4.56,8.08,0.19,-4.56,8.08,0.19,-4.46,8.05,0.11,-4.46,8.05,0.11,
-8.70,8.71,1.17,-8.70,8.71,1.17,-7.70,8.82,-1.11,-7.70,8.82,-1.11,-7.63,8.59,-0.77,-7.63,8.59,-0.77,
-10.59,6.46,1.75,-10.59,6.46,1.75,-5.40,8.10,-1.62,-5.40,8.10,-1.62,-5.54,8.07,-1.67,-5.54,8.07,-1.67,
-9.95,4.47,-2.29,-9.95,4.47,-2.29,-7.32,6.40,-6.23,-7.32,6.40,-6.23,-7.17,6.18,-6.00,-7.17,6.18,-6.00,
-7.14,0.59,-0.22,-7.14,0.59,-0.22,-6.00,3.51,-4.90,-6.00,3.51,-4.90,-6.02,3.57,-4.92,-6.02,3.57,-4.92,
-5.94,-0.22,-1.91,-5.94,-0.22,-1.91,-4.44,3.44,-6.11,-4.44,3.44,-6.11,-4.46,3.23,-6.41,-4.46,3.23,-6.41,
-6.66,-2.33,-3.65,-6.66,-2.33,-3.65,-5.74,1.19,-6.66,-5.74,1.19,-6.66,-5.89,1.36,-6.68,-5.89,1.36,-6.68,
-7.97,-2.21,-3.66,-7.97,-2.21,-3.66,-5.18,1.61,-7.78,-5.18,1.61,-7.78,-5.75,1.83,-7.30,-5.75,1.83,-7.30,
-8.89,-3.07,-3.86,-8.89,-3.07,-3.86,-6.23,1.39,-7.34,-6.23,1.39,-7.34,-6.33,1.68,-6.82,-6.33,1.68,-6.82,
-9.12,-3.26,-2.88,-9.12,-3.26,-2.88,-5.58,1.93,-7.47,-5.58,1.93,-7.47,-5.87,1.94,-6.82,-5.87,1.94,-6.82,

-3.12,8.62,2.14,-3.12,8.62,2.14,-2.27,8.75,-1.11,-2.27,8.75,-1.11,-2.39,8.76,-0.99,-2.39,8.76,-0.99,
-4.65,8.36,3.15,-4.65,8.36,3.15,-2.52,9.82,-0.59,-2.52,9.82,-0.59,-2.50,9.76,-0.46,-2.50,9.76,-0.46,
-5.39,7.43,0.71,-5.39,7.43,0.71,-3.00,8.86,-1.11,-3.00,8.86,-1.11,-2.92,8.76,-1.32,-2.92,8.76,-1.32,
-5.79,7.38,0.20,-5.79,7.38,0.20,-3.24,9.19,-0.76,-3.24,9.19,-0.76,-3.30,8.98,-0.98,-3.30,8.98,-0.98,
-7.80,6.69,-2.35,-7.80,6.69,-2.35,-3.87,9.43,-0.28,-3.87,9.43,-0.28,-3.95,9.38,-0.26,-3.95,9.38,-0.26,
-13.18,7.53,-12.23,-13.18,7.53,-12.23,-7.08,9.59,-1.31,-7.08,9.59,-1.31,-7.46,9.55,-1.45,-7.46,9.55,-1.45,
-9.67,8.10,-5.70,-9.67,8.10,-5.70,-7.82,9.51,-2.96,-7.82,9.51,-2.96,-7.59,9.57,-2.78,-7.59,9.57,-2.78,
-7.09,4.78,-2.57,-7.09,4.78,-2.57,-5.33,5.91,-0.93,-5.33,5.91,-0.93,-5.33,5.96,-1.27,-5.33,5.96,-1.27,
-6.63,2.56,-2.33,-6.63,2.56,-2.33,-6.06,2.66,-6.66,-6.06,2.66,-6.66,-5.93,2.94,-6.47,-5.93,2.94,-6.47,
-6.38,0.12,-5.40,-6.38,0.12,-5.40,-5.57,3.08,-5.92,-5.57,3.08,-5.92,-5.87,2.39,-6.08,-5.87,2.39,-6.08,
-7.12,-1.10,-1.93,-7.12,-1.10,-1.93,-5.97,2.13,-7.37,-5.97,2.13,-7.37,-5.97,2.69,-6.49,-5.97,2.69,-6.49,
-8.56,-2.99,-3.23,-8.56,-2.99,-3.23,-6.53,0.95,-6.11,-6.53,0.95,-6.11,-6.62,1.01,-6.04,-6.62,1.01,-6.04,
-9.07,-1.55,-3.78,-9.07,-1.55,-3.78,-6.79,2.42,-7.63,-6.79,2.42,-7.63,-6.72,2.47,-7.60,-6.72,2.47,-7.60,
-8.92,-2.14,-3.66,-8.92,-2.14,-3.66,-6.59,1.85,-6.83,-6.59,1.85,-6.83,-6.53,1.85,-6.93,-6.53,1.85,-6.93,

-6.84,5.79,3.64,-6.84,5.79,3.64,-3.86,8.71,-1.10,-3.86,8.71,-1.10,-3.81,8.75,-1.09,-3.81,8.75,-1.09,
-7.07,6.00,3.60,-7.07,6.00,3.60,-4.23,8.72,-1.22,-4.23,8.72,-1.22,-4.24,8.77,-1.21,-4.24,8.77,-1.21,
-7.22,5.64,3.65,-7.22,5.64,3.65,-4.25,8.62,-0.65,-4.25,8.62,-0.65,-4.20,8.62,-0.65,-4.20,8.62,-0.65,
-7.29,5.48,3.15,-7.29,5.48,3.15,-4.05,8.48,-0.56,-4.05,8.48,-0.56,-4.00,8.43,-0.54,-4.00,8.43,-0.54,
-7.78,4.47,0.93,-7.78,4.47,0.93,-5.34,8.27,-0.45,-5.34,8.27,-0.45,-5.27,8.27,-0.23,-5.27,8.27,-0.23,
-18.30,10.12,-6.24,-18.30,10.12,-6.24,-7.25,8.90,0.93,-7.25,8.90,0.93,-6.61,9.21,0.17,-6.61,9.21,0.17,
-12.48,8.08,-2.73,-12.48,8.08,-2.73,-7.42,8.52,-2.64,-7.42,8.52,-2.64,-8.29,7.99,-3.50,-8.29,7.99,-3.50,
-8.13,4.92,-0.70,-8.13,4.92,-0.70,-5.05,7.57,-3.49,-5.05,7.57,-3.49,-5.17,8.10,-3.48,-5.17,8.10,-3.48,
-7.69,3.88,-1.85,-7.69,3.88,-1.85,-5.93,5.24,-4.75,-5.93,5.24,-4.75,-5.71,5.13,-4.58,-5.71,5.13,-4.58,
-9.69,2.65,-1.64,-9.69,2.65,-1.64,-6.63,4.65,-4.48,-6.63,4.65,-4.48,-6.52,4.69,-4.88,-6.52,4.69,-4.88,
-9.36,1.44,-2.30,-9.36,1.44,-2.30,-6.45,3.36,-5.79,-6.45,3.36,-5.79,-6.48,3.16,-5.69,-6.48,3.16,-5.69,
-8.41,-0.35,-2.27,-8.41,-0.35,-2.27,-7.05,2.94,-6.78,-7.05,2.94,-6.78,-6.96,3.11,-6.71,-6.96,3.11,-6.71,
-9.80,-0.79,-1.08,-9.80,-0.79,-1.08,-6.66,2.64,-5.84,-6.66,2.64,-5.84,-6.74,2.74,-5.54,-6.74,2.74,-5.54,
-9.48,-1.04,-1.04,-9.48,-1.04,-1.04,-6.44,2.21,-5.95,-6.44,2.21,-5.95,-6.48,1.19,-6.57,-6.48,1.19,-6.57,
-9.26,-0.92,-1.61,-9.26,-0.92,-1.61,-6.19,2.66,-6.36,-6.19,2.66,-6.36,-6.15,2.68,-6.40,-6.15,2.68,-6.40,
-8.73,-1.06,-2.46,-8.73,-1.06,-2.46,-6.48,2.11,-6.69,-6.48,2.11,-6.69,-6.52,2.27,-6.60,-6.52,2.27,-6.60,

-2.24,8.91,2.10,-2.24,8.91,2.10,-3.18,8.91,-0.22,-3.18,8.91,-0.22,-3.22,8.92,-0.33,-3.22,8.92,-0.33,
-1.97,8.99,2.04,-1.97,8.99,2.04,-3.38,8.95,-0.37,-3.38,8.95,-0.37,-3.36,9.00,-0.34,-3.36,9.00,-0.34,
-2.40,8.24,2.04,-2.40,8.24,2.04,-3.21,8.69,-0.33,-3.21,8.69,-0.33,-3.63,8.65,-0.11,-3.63,8.65,-0.11,
-11.97,9.83,3.13,-11.97,9.83,3.13,-5.04,9.66,-0.92,-5.04,9.66,-0.92,-5.34,9.67,-0.97,-5.34,9.67,-0.97,
-10.42,11.28,1.34,-10.42,11.28,1.34,-7.85,9.95,-1.04,-7.85,9.95,-1.04,-8.15,9.90,-1.23,-8.15,9.90,-1.23,
-12.55,8.75,2.69,-12.55,8.75,2.69,-6.68,8.79,-1.24,-6.68,8.79,-1.24,-6.81,8.74,-1.51,-6.81,8.74,-1.51,
-8.23,4.54,1.71,-8.23,4.54,1.71,-5.61,5.43,-3.53,-5.61,5.43,-3.53,-5.33,5.76,-3.07,-5.33,5.76,-3.07,
-3.23,-0.60,-1.08,-3.23,-0.60,-1.08,-4.60,2.66,-5.15,-4.60,2.66,-5.15,-5.03,2.19,-5.28,-5.03,2.19,-5.28,
-4.97,-2.36,-2.81,-4.97,-2.36,-2.81,-5.85,1.42,-5.74,-5.85,1.42,-5.74,-5.84,1.22,-5.72,-5.84,1.22,-5.72,
-7.67,-3.26,-3.24,-7.67,-3.26,-3.24,-6.66,1.49,-6.67,-6.66,1.49,-6.67,-6.71,1.45,-6.86,-6.71,1.45,-6.86,
-8.84,-3.02,-2.34,-8.84,-3.02,-2.34,-6.77,2.01,-6.74,-6.77,2.01,-6.74,-6.79,1.99,-6.91,-6.79,1.99,-6.91,
-7.77,-2.45,-1.79,-7.77,-2.45,-1.79,-5.93,1.29,-4.39,-5.93,1.29,-4.39,-6.01,1.29,-4.40,-6.01,1.29,-4.40,

-1.02,8.89,4.08,-1.02,8.89,4.08,-2.53,9.26,-1.29,-2.53,9.26,-1.29,-2.56,9.26,-1.38,-2.56,9.26,-1.38,
-1.29,9.08,3.80,-1.29,9.08,3.80,-2.20,9.42,-1.84,-2.20,9.42,-1.84,-2.27,9.46,-1.83,-2.27,9.46,-1.83,
-1.73,9.64,3.01,-1.73,9.64,3.01,-3.70,9.39,-2.53,-3.70,9.39,-2.53,-3.77,9.24,-2.53,-3.77,9.24,-2.53,
-3.49,9.26,2.27,-3.49,9.26,2.27,-4.09,8.32,-2.16,-4.09,8.32,-2.16,-3.83,8.29,-2.05,-3.83,8.29,-2.05,
-10.51,9.43,0.97,-10.51,9.43,0.97,-4.32,9.14,-1.61,-4.32,9.14,-1.61,-4.30,9.16,-1.71,-4.30,9.16,-1.71,
-8.79,10.84,1.24,-8.79,10.84,1.24,-7.48,10.03,-2.23,-7.48,10.03,-2.23,-7.09,9.92,-2.02,-7.09,9.92,-2.02,
-7.28,7.90,5.56,-7.28,7.90,5.56,-4.67,9.77,-1.29,-4.67,9.77,-1.29,-4.70,9.80,-1.28,-4.70,9.80,-1.28,
-7.65,2.28,1.92,-7.65,2.28,1.92,-4.63,6.35,-4.81,-4.63,6.35,-4.81,-4.46,6.58,-4.78,-4.46,6.58,-4.78,
-8.07,-1.54,-0.44,-8.07,-1.54,-0.44,-6.15,2.43,-5.62,-6.15,2.43,-5.62,-6.11,2.39,-5.58,-6.11,2.39,-5.58,
-5.83,-2.30,-3.79,-5.83,-2.30,-3.79,-5.45,0.57,-5.82,-5.45,0.57,-5.82,-5.00,0.34,-6.18,-5.00,0.34,-6.18,
-7.37,-3.82,-4.24,-7.37,-3.82,-4.24,-6.18,0.86,-6.89,-6.18,0.86,-6.89,-6.25,-0.71,-7.47,-6.25,-0.71,-7.47,
-7.93,-4.21,-3.51,-7.93,-4.21,-3.51,-6.10,0.36,-6.35,-6.10,0.36,-6.35,-6.16,0.38,-6.40,-6.16,0.38,-6.40,
-7.85,-3.72,-2.64,-7.85,-3.72,-2.64,-6.97,2.02,-6.47,-6.97,2.02,-6.47,-7.01,2.13,-6.52,-7.01,2.13,-6.52,
-8.94,-3.20,-3.11,-8.94,-3.20,-3.11,-6.76,1.98,-6.58,-6.76,1.98,-6.58,-6.77,1.93,-6.63,-6.77,1.93,-6.63,
-9.87,-2.91,-2.92,-9.87,-2.91,-2.92,-6.88,2.67,-6.35,-6.88,2.67,-6.35,-6.82,2.72,-6.20,-6.82,2.72,-6.20,

-3.45,8.17,2.64,-3.45,8.17,2.64,-4.30,8.29,0.03,-4.30,8.29,0.03,-4.43,8.26,0.05,-4.43,8.26,0.05,
-3.49,8.28,3.63,-3.49,8.28,3.63,-4.40,8.55,-0.35,-4.40,8.55,-0.35,-4.43,8.56,-0.35,-4.43,8.56,-0.35,
-3.76,8.37,1.98,-3.76,8.37,1.98,-3.94,8.49,-0.51,-3.94,8.49,-0.51,-3.98,8.43,-0.48,-3.98,8.43,-0.48,
-3.80,10.28,3.04,-3.80,10.28,3.04,-3.00,10.00,-2.07,-3.00,10.00,-2.07,-2.98,9.85,-2.08,-2.98,9.85,-2.08,
-3.68,8.71,3.15,-3.68,8.71,3.15,-3.31,9.26,0.10,-3.31,9.26,0.10,-3.30,9.18,0.07,-3.30,9.18,0.07,
-7.49,9.19,3.39,-7.49,9.19,3.39,-3.54,9.44,-0.77,-3.54,9.44,-0.77,-3.50,9.41,-0.75,-3.50,9.41,-0.75,
-9.70,8.72,5.56,-9.70,8.72,5.56,-5.85,9.34,-3.22,-5.85,9.34,-3.22,-6.01,9.19,-2.54,-6.01,9.19,-2.54,
-12.43,6.15,-1.64,-12.43,6.15,-1.64,-7.44,8.34,-3.12,-7.44,8.34,-3.12,-7.51,8.25,-3.14,-7.51,8.25,-3.14,
-8.40,3.18,-1.49,-8.40,3.18,-1.49,-5.98,6.70,-5.46,-5.98,6.70,-5.46,-5.79,7.26,-5.40,-5.79,7.26,-5.40,
-5.43,0.48,-0.56,-5.43,0.48,-0.56,-4.81,3.67,-4.44,-4.81,3.67,-4.44,-5.16,4.32,-2.25,-5.16,4.32,-2.25,
-7.29,-2.90,-1.87,-7.29,-2.90,-1.87,-4.81,2.44,-5.56,-4.81,2.44,-5.56,-4.85,2.44,-6.32,-4.85,2.44,-6.32,
-8.91,-4.05,-2.01,-8.91,-4.05,-2.01,-5.84,3.03,-6.52,-5.84,3.03,-6.52,-5.75,2.86,-6.69,-5.75,2.86,-6.69,
-10.34,-3.57,-1.87,-10.34,-3.57,-1.87,-6.54,2.99,-7.31,-6.54,2.99,-7.31,-6.52,2.98,-7.50,-6.52,2.98,-7.50,
-10.30,-3.98,-2.05,-10.30,-3.98,-2.05,-6.68,3.03,-7.06,-6.68,3.03,-7.06,-6.75,2.99,-6.68,-6.75,2.99,-6.68,
-9.49,-3.43,-1.61,-9.49,-3.43,-1.61,-6.49,2.90,-6.43,-6.49,2.90,-6.43,-6.53,2.90,-6.33,-6.53,2.90,-6.33,

-1.43,8.83,2.97,-1.43,8.83,2.97,-2.28,9.25,-1.19,-2.28,9.25,-1.19,-2.27,9.30,-1.06,-2.27,9.30,-1.06,
-1.49,9.35,3.26,-1.49,9.35,3.26,-2.58,9.25,-1.67,-2.58,9.25,-1.67,-2.51,9.24,-1.81,-2.51,9.24,-1.81,
-1.60,8.87,3.08,-1.60,8.87,3.08,-1.95,9.31,-1.44,-1.95,9.31,-1.44,-2.09,9.30,-1.53,-2.09,9.30,-1.53,
-1.39,8.56,3.66,-1.39,8.56,3.66,-2.11,9.14,-1.39,-2.11,9.14,-1.39,-2.08,9.13,-1.33,-2.08,9.13,-1.33,
-0.80,9.43,4.13,-0.80,9.43,4.13,-2.95,9.75,-1.00,-2.95,9.75,-1.00,-2.97,9.61,-0.92,-2.97,9.61,-0.92,
-3.03,8.54,3.63,-3.03,8.54,3.63,-2.55,9.10,-0.73,-2.55,9.10,-0.73,-2.68,9.08,-0.63,-2.68,9.08,-0.63,
-10.60,9.46,1.29,-10.60,9.46,1.29,-5.81,9.88,1.02,-5.81,9.88,1.02,-5.55,10.06,0.25,-5.55,10.06,0.25,
-9.51,12.87,-1.71,-9.51,12.87,-1.71,-7.55,8.16,-1.17,-7.55,8.16,-1.17,-7.55,8.37,-1.12,-7.55,8.37,-1.12,
-8.75,7.67,1.92,-8.75,7.67,1.92,-7.12,7.98,-0.44,-7.12,7.98,-0.44,-6.98,8.29,-0.49,-6.98,8.29,-0.49,
-8.45,3.53,2.16,-8.45,3.53,2.16,-4.26,5.28,-2.77,-4.26,5.28,-2.77,-4.23,5.16,-2.50,-4.23,5.16,-2.50,
-7.98,1.17,-1.37,-7.98,1.17,-1.37,-6.16,4.66,-4.49,-6.16,4.66,-4.49,-6.21,4.67,-4.54,-6.21,4.67,-4.54,
-8.11,-2.32,-1.01,-8.11,-2.32,-1.01,-6.47,4.08,-5.44,-6.47,4.08,-5.44,-6.36,3.92,-5.45,-6.36,3.92,-5.45,
-7.62,-2.79,-2.07,-7.62,-2.79,-2.07,-5.89,2.94,-5.76,-5.89,2.94,-5.76,-5.76,3.00,-5.91,-5.76,3.00,-5.91,
-8.38,-4.41,-2.10,-8.38,-4.41,-2.10,-6.96,2.83,-6.23,-6.96,2.83,-6.23,-7.02,2.90,-6.43,-7.02,2.90,-6.43,
-9.00,-4.35,-1.85,-9.00,-4.35,-1.85,-7.13,2.78,-5.72,-7.13,2.78,-5.72,-7.14,2.70,-5.84,-7.14,2.70,-5.84,
-8.52,-4.23,-1.78,-8.52,-4.23,-1.78,-7.22,2.90,-5.72,-7.22,2.90,-5.72,-7.21,2.88,-5.73,-7.21,2.88,-5.73,
-8.62,-4.00,-2.23,-8.62,-4.00,-2.23,-7.32,2.69,-5.95,-7.32,2.69,-5.95,-7.37,2.71,-5.94,-7.37,2.71,-5.94,
-8.16,-3.82,-2.16,-8.16,-3.82,-2.16,-7.30,2.78,-5.67,-7.30,2.78,-5.67,-7.21,2.95,-5.64,-7.21,2.95,-5.64,

-3.80,8.94,1.24,-3.80,8.94,1.24,-4.61,8.60,-0.86,-4.61,8.60,-0.86,-4.58,8.60,-0.96,-4.58,8.60,-0.96,
-4.13,8.35,2.51,-4.13,8.35,2.51,-4.45,8.61,-0.56,-4.45,8.61,-0.56,-4.43,8.64,-0.47,-4.43,8.64,-0.47,
-3.46,8.53,2.56,-3.46,8.53,2.56,-4.63,8.46,0.12,-4.63,8.46,0.12,-4.49,8.43,0.03,-4.49,8.43,0.03,
-3.36,8.47,3.32,-3.36,8.47,3.32,-4.08,8.63,-0.16,-4.08,8.63,-0.16,-4.10,8.62,-0.35,-4.10,8.62,-0.35,
-4.01,8.76,2.61,-4.01,8.76,2.61,-4.97,8.48,-0.20,-4.97,8.48,-0.20,-5.03,8.47,-0.16,-5.03,8.47,-0.16,
-9.40,7.57,2.91,-9.40,7.57,2.91,-6.09,8.58,0.24,-6.09,8.58,0.24,-5.86,8.88,0.51,-5.86,8.88,0.51,
-9.77,8.11,0.08,-9.77,8.11,0.08,-6.62,8.12,-0.67,-6.62,8.12,-0.67,-6.50,8.20,-0.39,-6.50,8.20,-0.39,
-8.78,7.24,1.08,-8.78,7.24,1.08,-6.65,7.81,-2.08,-6.65,7.81,-2.08,-6.50,7.65,-1.97,-6.50,7.65,-1.97,
-8.50,5.36,0.43,-8.50,5.36,0.43,-6.27,6.55,-3.57,-6.27,6.55,-3.57,-6.31,6.64,-3.62,-6.31,6.64,-3.62,
-7.62,3.16,-1.02,-7.62,3.16,-1.02,-5.36,5.52,-3.65,-5.36,5.52,-3.65,-5.23,5.67,-3.80,-5.23,5.67,-3.80,
-7.52,0.51,-2.60,-7.52,0.51,-2.60,-6.81,4.79,-4.69,-6.81,4.79,-4.69,-6.85,4.83,-4.47,-6.85,4.83,-4.47,
-9.31,-1.77,-4.20,-9.31,-1.77,-4.20,-8.05,4.14,-5.03,-8.05,4.14,-5.03,-8.11,4.11,-4.94,-8.11,4.11,-4.94,
-9.39,-0.64,-1.75,-9.39,-0.64,-1.75,-6.21,4.06,-5.11,-6.21,4.06,-5.11,-6.15,4.04,-5.24,-6.15,4.04,-5.24,
-8.15,-2.59,-2.08,-8.15,-2.59,-2.08,-6.04,3.62,-5.35,-6.04,3.62,-5.35,-6.08,3.72,-5.40,-6.08,3.72,-5.40,
-8.78,-2.13,-2.10,-8.78,-2.13,-2.10,-6.90,3.76,-5.89,-6.90,3.76,-5.89,-6.92,3.82,-5.77,-6.92,3.82,-5.77,
-9.77,-2.57,-2.57,-9.77,-2.57,-2.57,-7.05,3.67,-5.46,-7.05,3.67,-5.46,-7.06,3.67,-5.45,-7.06,3.67,-5.45,

-3.54,8.72,1.59,-3.54,8.72,1.59,-4.48,8.30,-1.42,-4.48,8.30,-1.42,-4.45,8.35,-1.40,-4.45,8.35,-1.40,
-3.64,8.46,1.07,-3.64,8.46,1.07,-4.59,8.04,-1.64,-4.59,8.04,-1.64,-4.66,8.04,-1.64,-4.66,8.04,-1.64,
-3.70,8.48,1.17,-3.70,8.48,1.17,-4.09,8.03,-1.52,-4.09,8.03,-1.52,-4.14,8.03,-1.62,-4.14,8.03,-1.62,
-4.76,8.82,1.51,-4.76,8.82,1.51,-4.21,8.67,-1.76,-4.21,8.67,-1.76,-4.39,8.69,-1.69,-4.39,8.69,-1.69,
-8.25,8.89,1.96,-8.25,8.89,1.96,-4.63,9.39,-1.22,-4.63,9.39,-1.22,-4.88,9.42,-1.33,-4.88,9.42,-1.33,
-7.01,10.73,3.32,-7.01,10.73,3.32,-4.73,10.33,-1.44,-4.73,10.33,-1.44,-4.81,10.62,-1.19,-4.81,10.62,-1.19,
-9.64,5.48,4.09,-9.64,5.48,4.09,-4.73,7.51,-1.10,-4.73,7.51,-1.10,-4.66,7.65,-1.31,-4.66,7.65,-1.31,
-10.64,5.92,2.13,-10.64,5.92,2.13,-5.66,7.36,-3.55,-5.66,7.36,-3.55,-5.65,7.00,-3.60,-5.65,7.00,-3.60,
-8.73,2.30,-0.18,-8.73,2.30,-0.18,-5.76,5.52,-3.53,-5.76,5.52,-3.53,-6.34,5.36,-3.56,-6.34,5.36,-3.56,
-7.91,-0.32,-0.21,-7.91,-0.32,-0.21,-5.92,4.41,-4.61,-5.92,4.41,-4.61,-5.87,4.33,-4.56,-5.87,4.33,-4.56,
-6.31,-2.25,-1.97,-6.31,-2.25,-1.97,-6.49,3.05,-5.35,-6.49,3.05,-5.35,-6.64,2.89,-5.40,-6.64,2.89,-5.40,
-7.21,-3.56,-2.01,-7.21,-3.56,-2.01,-6.23,2.98,-5.79,-6.23,2.98,-5.79,-6.32,2.80,-5.93,-6.32,2.80,-5.93,
-8.62,-3.94,-2.48,-8.62,-3.94,-2.48,-7.30,2.73,-5.66,-7.30,2.73,-5.66,-7.31,2.73,-5.52,-7.31,2.73,-5.52,
-9.36,-4.06,-2.26,-9.36,-4.06,-2.26,-7.28,2.92,-5.94,-7.28,2.92,-5.94,-7.34,3.06,-5.95,-7.34,3.06,-5.95,
-9.93,-4.07,-1.96,-9.93,-4.07,-1.96,-7.31,3.15,-5.19,-7.31,3.15,-5.19,-7.30,3.06,-5.24,-7.30,3.06,-5.24,
-8.80,-3.78,-1.29,-8.80,-3.78,-1.29,-6.88,3.41,-5.44,-6.88,3.41,-5.44,-6.91,3.32,-5.39,-6.91,3.32,-5.39,

-2.11,8.93,3.09,-2.11,8.93,3.09,-2.45,9.25,-1.46,-2.45,9.25,-1.46,-2.47,9.28,-1.38,-2.47,9.28,-1.38,
-1.58,8.94,3.07,-1.58,8.94,3.07,-2.39,9.23,-1.59,-2.39,9.23,-1.59,-2.42,9.27,-1.68,-2.42,9.27,-1.68,
-1.89,9.18,2.67,-1.89,9.18,2.67,-2.34,9.09,-1.80,-2.34,9.09,-1.80,-2.37,9.08,-1.83,-2.37,9.08,-1.83,
-5.66,10.08,1.16,-5.66,10.08,1.16,-4.03,9.71,-1.57,-4.03,9.71,-1.57,-4.07,9.64,-1.46,-4.07,9.64,-1.46,
-11.45,10.21,0.13,-11.45,10.21,0.13,-4.89,9.53,-0.63,-4.89,9.53,-0.63,-4.77,9.49,-0.64,-4.77,9.49,-0.64,
-7.86,10.57,4.02,-7.86,10.57,4.02,-5.28,10.32,-2.31,-5.28,10.32,-2.31,-5.24,10.55,-2.15,-5.24,10.55,-2.15,
-10.63,4.89,-0.65,-10.63,4.89,-0.65,-6.05,6.54,-4.44,-6.05,6.54,-4.44,-6.34,6.54,-4.63,-6.34,6.54,-4.63,
-7.81,1.92,-2.24,-7.81,1.92,-2.24,-3.99,3.88,-3.96,-3.99,3.88,-3.96,-3.77,3.99,-3.61,-3.77,3.99,-3.61,
-7.87,-0.90,-2.00,-7.87,-0.90,-2.00,-6.51,3.62,-4.56,-6.51,3.62,-4.56,-6.67,3.50,-5.00,-6.67,3.50,-5.00,
-4.98,-4.80,-3.56,-4.98,-4.80,-3.56,-7.34,2.42,-5.89,-7.34,2.42,-5.89,-7.43,2.35,-5.73,-7.43,2.35,-5.73,
-5.75,-4.09,-3.46,-5.75,-4.09,-3.46,-6.72,2.96,-5.76,-6.72,2.96,-5.76,-6.66,3.07,-5.63,-6.66,3.07,-5.63,
-8.06,-4.79,-3.84,-8.06,-4.79,-3.84,-7.52,2.90,-6.53,-7.52,2.90,-6.53,-7.55,2.89,-6.41,-7.55,2.89,-6.41,
-8.51,-4.54,-3.29,-8.51,-4.54,-3.29,-6.73,2.58,-5.50,-6.73,2.58,-5.50,-6.72,2.55,-5.73,-6.72,2.55,-5.73,
-7.89,-4.69,-2.82,-7.89,-4.69,-2.82,-6.39,2.88,-6.00,-6.39,2.88,-6.00,-6.47,2.89,-6.28,-6.47,2.89,-6.28,

-0.87,9.36,2.56,-0.87,9.36,2.56,-2.42,9.31,-1.77,-2.42,9.31,-1.77,-2.44,9.49,-1.68,-2.44,9.49,-1.68,
-0.97,8.86,2.83,-0.97,8.86,2.83,-2.51,9.06,-1.71,-2.51,9.06,-1.71,-2.38,9.10,-1.71,-2.38,9.10,-1.71,
-0.87,9.26,2.76,-0.87,9.26,2.76,-2.61,8.90,-1.98,-2.61,8.90,-1.98,-2.58,8.92,-1.80,-2.58,8.92,-1.80,
-0.68,9.04,2.55,-0.68,9.04,2.55,-2.22,8.80,-1.78,-2.22,8.80,-1.78,-2.25,8.74,-1.79,-2.25,8.74,-1.79,
-1.49,9.06,2.35,-1.49,9.06,2.35,-2.75,9.03,-1.97,-2.75,9.03,-1.97,-2.80,9.04,-1.94,-2.80,9.04,-1.94,
-1.22,9.63,2.16,-1.22,9.63,2.16,-3.03,9.36,-1.94,-3.03,9.36,-1.94,-3.04,9.43,-1.96,-3.04,9.43,-1.96,
-1.91,9.51,1.73,-1.91,9.51,1.73,-3.47,8.84,-2.86,-3.47,8.84,-2.86,-3.36,8.89,-2.78,-3.36,8.89,-2.78,
-2.19,9.93,1.65,-2.19,9.93,1.65,-3.76,9.21,-3.24,-3.76,9.21,-3.24,-3.81,9.26,-2.96,-3.81,9.26,-2.96,
-2.04,8.88,1.81,-2.04,8.88,1.81,-3.57,8.08,-2.07,-3.57,8.08,-2.07,-3.56,8.09,-2.16,-3.56,8.09,-2.16,
-4.58,8.40,1.89,-4.58,8.40,1.89,-3.65,8.60,-1.51,-3.65,8.60,-1.51,-3.75,8.59,-1.54,-3.75,8.59,-1.54,
-11.38,8.00,-0.05,-11.38,8.00,-0.05,-5.74,8.86,-0.29,-5.74,8.86,-0.29,-5.57,8.78,-0.44,-5.57,8.78,-0.44,
-10.08,7.55,3.12,-10.08,7.55,3.12,-6.52,8.42,-1.84,-6.52,8.42,-1.84,-6.04,8.68,-1.96,-6.04,8.68,-1.96,
-9.46,6.37,1.29,-9.46,6.37,1.29,-6.22,7.70,-1.97,-6.22,7.70,-1.97,-6.26,7.46,-1.92,-6.26,7.46,-1.92,
-9.54,2.01,1.89,-9.54,2.01,1.89,-7.76,5.83,-3.29,-7.76,5.83,-3.29,-8.03,5.77,-3.46,-8.03,5.77,-3.46,
-9.16,-0.93,1.30,-9.16,-0.93,1.30,-6.28,4.70,-4.67,-6.28,4.70,-4.67,-6.25,4.48,-4.66,-6.25,4.48,-4.66,

-1.07,9.01,3.20,-1.07,9.01,3.20,-2.72,9.03,-1.79,-2.72,9.03,-1.79,-2.79,8.89,-1.81,-2.79,8.89,-1.81,
-1.05,9.11,3.33,-1.05,9.11,3.33,-2.43,9.18,-1.74,-2.43,9.18,-1.74,-2.44,9.20,-1.73,-2.44,9.20,-1.73,
-0.89,9.21,3.21,-0.89,9.21,3.21,-2.61,9.10,-1.95,-2.61,9.10,-1.95,-2.67,9.09,-1.99,-2.67,9.09,-1.99,
-0.83,9.08,3.16,-0.83,9.08,3.16,-2.49,9.23,-1.77,-2.49,9.23,-1.77,-2.41,9.18,-1.71,-2.41,9.18,-1.71,
-0.99,9.06,3.05,-0.99,9.06,3.05,-2.22,9.20,-1.87,-2.22,9.20,-1.87,-2.17,9.27,-1.89,-2.17,9.27,-1.89,
-1.58,9.02,2.63,-1.58,9.02,2.63,-2.29,8.87,-1.92,-2.29,8.87,-1.92,-2.32,8.80,-1.91,-2.32,8.80,-1.91,
-8.31,9.23,2.12,-8.31,9.23,2.12,-3.35,10.44,0.12,-3.35,10.44,0.12,-3.25,10.44,0.16,-3.25,10.44,0.16,
-7.52,11.58,0.77,-7.52,11.58,0.77,-5.02,9.67,-2.38,-5.02,9.67,-2.38,-4.89,9.91,-2.19,-4.89,9.91,-2.19,
-7.97,9.32,0.77,-7.97,9.32,0.77,-3.97,10.01,-1.84,-3.97,10.01,-1.84,-3.93,9.92,-1.75,-3.93,9.92,-1.75,
-10.66,6.67,-0.59,-10.66,6.67,-0.59,-5.85,8.81,-3.95,-5.85,8.81,-3.95,-5.37,9.07,-4.14,-5.37,9.07,-4.14,
-7.31,4.38,0.77,-7.31,4.38,0.77,-4.12,5.90,-4.23,-4.12,5.90,-4.23,-4.14,5.86,-4.28,-4.14,5.86,-4.28,
-5.53,-1.08,-1.72,-5.53,-1.08,-1.72,-5.45,3.03,-4.73,-5.45,3.03,-4.73,-5.26,3.16,-4.80,-5.26,3.16,-4.80,
-5.56,-2.83,-4.42,-5.56,-2.83,-4.42,-6.14,1.75,-6.95,-6.14,1.75,-6.95,-6.14,1.67,-7.02,-6.14,1.67,-7.02,
-8.09,-4.50,-4.92,-8.09,-4.50,-4.92,-7.09,2.16,-6.71,-7.09,2.16,-6.71,-7.06,2.19,-6.67,-7.06,2.19,-6.67,
-8.87,-4.67,-4.26,-8.87,-4.67,-4.26,-7.04,2.00,-6.31,-7.04,2.00,-6.31,-7.10,2.11,-6.36,-7.10,2.11,-6.36,
-8.42,-3.70,-2.38,-8.42,-3.70,-2.38,-6.51,2.63,-6.15,-6.51,2.63,-6.15,-6.55,2.94,-6.26,-6.55,2.94,-6.26,
-7.14,-4.12,-2.91,-7.14,-4.12,-2.91,-5.94,2.66,-6.71,-5.94,2.66,-6.71,-6.49,3.07,-5.91,-6.49,3.07,-5.91,

-3.66,8.62,2.68,-3.66,8.62,2.68,-4.47,8.62,-0.84,-4.47,8.62,-0.84,-4.43,8.71,-0.94,-4.43,8.71,-0.94,
-3.48,8.71,2.17,-3.48,8.71,2.17,-4.77,8.30,-0.92,-4.77,8.30,-0.92,-4.79,8.32,-0.99,-4.79,8.32,-0.99,
-3.70,8.14,2.05,-3.70,8.14,2.05,-4.77,7.97,-0.65,-4.77,7.97,-0.65,-4.79,8.02,-0.56,-4.79,8.02,-0.56,
-3.56,9.37,1.79,-3.56,9.37,1.79,-4.39,8.87,-1.54,-4.39,8.87,-1.54,-4.40,9.00,-1.58,-4.40,9.00,-1.58,
-1.83,9.39,4.17,-1.83,9.39,4.17,-3.61,9.62,-2.02,-3.61,9.62,-2.02,-3.45,9.42,-1.80,-3.45,9.42,-1.80,
-0.68,9.03,2.79,-0.68,9.03,2.79,-2.37,8.97,-1.82,-2.37,8.97,-1.82,-2.35,8.98,-1.92,-2.35,8.98,-1.92,
-1.00,8.38,2.74,-1.00,8.38,2.74,-2.12,8.50,-1.88,-2.12,8.50,-1.88,-2.18,8.49,-1.95,-2.18,8.49,-1.95,
-1.33,9.43,3.04,-1.33,9.43,3.04,-2.18,8.98,-2.56,-2.18,8.98,-2.56,-2.30,9.01,-2.63,-2.30,9.01,-2.63,
-1.36,9.83,2.78,-1.36,9.83,2.78,-2.81,9.32,-2.70,-2.81,9.32,-2.70,-2.84,9.27,-2.69,-2.84,9.27,-2.69,
-3.60,9.46,1.20,-3.60,9.46,1.20,-2.71,9.28,-1.97,-2.71,9.28,-1.97,-2.63,9.12,-2.29,-2.63,9.12,-2.29,
-11.69,9.61,0.60,-11.69,9.61,0.60,-4.56,9.50,-1.86,-4.56,9.50,-1.86,-4.65,9.53,-1.78,-4.65,9.53,-1.78,
-8.88,10.20,-3.23,-8.88,10.20,-3.23,-5.69,9.49,-2.40,-5.69,9.49,-2.40,-6.16,8.26,-3.58,-6.16,8.26,-3.58,
-7.92,8.45,-0.17,-7.92,8.45,-0.17,-5.75,7.88,-4.07,-5.75,7.88,-4.07,-5.63,7.66,-3.82,-5.63,7.66,-3.82,
-6.92,2.84,1.26,-6.92,2.84,1.26,-4.51,5.58,-4.12,-4.51,5.58,-4.12,-4.48,5.47,-4.27,-4.48,5.47,-4.27,
-5.53,-1.74,-1.06,-5.53,-1.74,-1.06,-5.70,3.31,-4.32,-5.70,3.31,-4.32,-5.82,3.05,-4.65,-5.82,3.05,-4.65,

-1.26,8.86,3.43,-1.26,8.86,3.43,-2.60,9.33,-0.86,-2.60,9.33,-0.86,-2.63,9.49,-0.88,-2.63,9.49,-0.88,
-1.12,9.04,3.22,-1.12,9.04,3.22,-2.92,9.06,-1.14,-2.92,9.06,-1.14,-2.85,9.09,-1.21,-2.85,9.09,-1.21,
-1.03,9.02,3.39,-1.03,9.02,3.39,-2.62,9.28,-1.03,-2.62,9.28,-1.03,-2.63,9.31,-0.93,-2.63,9.31,-0.93,
-1.44,8.74,3.20,-1.44,8.74,3.20,-2.23,9.31,-0.40,-2.23,9.31,-0.40,-2.06,9.33,-0.44,-2.06,9.33,-0.44,
-2.77,9.33,3.55,-2.77,9.33,3.55,-3.04,9.71,-0.53,-3.04,9.71,-0.53,-3.18,9.79,-0.78,-3.18,9.79,-0.78,
-5.78,9.00,3.64,-5.78,9.00,3.64,-3.29,10.01,-0.47,-3.29,10.01,-0.47,-3.44,10.03,-0.57,-3.44,10.03,-0.57,
-8.61,8.91,0.65,-8.61,8.91,0.65,-5.17,8.50,-2.53,-5.17,8.50,-2.53,-5.12,8.56,-2.47,-5.12,8.56,-2.47,
-10.14,5.40,0.07,-10.14,5.40,0.07,-5.99,6.99,-3.05,-5.99,6.99,-3.05,-6.10,7.01,-2.85,-6.10,7.01,-2.85,
-9.86,2.62,-1.65,-9.86,2.62,-1.65,-6.67,6.47,-3.97,-6.67,6.47,-3.97,-6.65,6.27,-3.78,-6.65,6.27,-3.78,
-7.73,0.84,-1.84,-7.73,0.84,-1.84,-5.64,4.85,-6.09,-5.64,4.85,-6.09,-5.62,4.70,-5.55,-5.62,4.70,-5.55,
-6.17,-1.41,-1.39,-6.17,-1.41,-1.39,-5.21,3.63,-5.51,-5.21,3.63,-5.51,-4.98,3.31,-5.48,-4.98,3.31,-5.48,
-7.22,-2.36,-2.23,-7.22,-2.36,-2.23,-5.19,3.63,-5.33,-5.19,3.63,-5.33,-4.86,3.81,-5.23,-4.86,3.81,-5.23,
-7.98,-3.33,-2.53,-7.98,-3.33,-2.53,-5.91,3.19,-6.48,-5.91,3.19,-6.48,-5.94,3.21,-6.50,-5.94,3.21,-6.50,
-9.40,-3.98,-2.43,-9.40,-3.98,-2.43,-6.72,3.48,-6.53,-6.72,3.48,-6.53,-6.88,3.53,-6.39,-6.88,3.53,-6.39,
-9.63,-3.31,-2.26,-9.63,-3.31,-2.26,-6.52,3.77,-5.86,-6.52,3.77,-5.86,-6.52,3.81,-5.96,-6.52,3.81,-5.96,

-3.39,8.29,3.64,-3.39,8.29,3.64,-4.34,8.71,-0.45,-4.34,8.71,-0.45,-4.45,8.75,-0.44,-4.45,8.75,-0.44,
-3.86,8.42,2.71,-3.86,8.42,2.71,-4.66,8.50,-0.25,-4.66,8.50,-0.25,-4.63,8.49,-0.21,-4.63,8.49,-0.21,
-4.16,8.24,2.69,-4.16,8.24,2.69,-4.88,8.12,-0.63,-4.88,8.12,-0.63,-4.85,8.22,-0.52,-4.85,8.22,-0.52,
-5.10,8.09,1.93,-5.10,8.09,1.93,-4.58,8.29,-0.12,-4.58,8.29,-0.12,-4.60,8.33,-0.12,-4.60,8.33,-0.12,
-8.54,9.18,2.64,-8.54,9.18,2.64,-3.86,10.00,-1.12,-3.86,10.00,-1.12,-3.77,10.00,-1.09,-3.77,10.00,-1.09,
-5.11,11.46,3.25,-5.11,11.46,3.25,-5.09,10.52,-2.53,-5.09,10.52,-2.53,-5.05,10.30,-2.36,-5.05,10.30,-2.36,
-8.25,6.84,4.68,-8.25,6.84,4.68,-4.34,8.37,0.51,-4.34,8.37,0.51,-4.33,8.28,0.45,-4.33,8.28,0.45,
-8.73,5.37,1.92,-8.73,5.37,1.92,-3.20,7.53,-3.06,-3.20,7.53,-3.06,-3.32,7.53,-2.93,-3.32,7.53,-2.93,
-8.58,1.03,-2.11,-8.58,1.03,-2.11,-7.40,6.92,-3.84,-7.40,6.92,-3.84,-7.53,7.07,-3.81,-7.53,7.07,-3.81,
-8.59,-0.73,-1.53,-8.59,-0.73,-1.53,-5.95,5.76,-4.37,-5.95,5.76,-4.37,-6.00,5.70,-4.29,-6.00,5.70,-4.29,
-7.20,-1.33,-2.98,-7.20,-1.33,-2.98,-6.23,3.96,-4.71,-6.23,3.96,-4.71,-6.14,3.97,-4.90,-6.14,3.97,-4.90,
-7.96,-2.42,-2.33,-7.96,-2.42,-2.33,-7.44,4.32,-4.99,-7.44,4.32,-4.99,-7.49,4.21,-4.85,-7.49,4.21,-4.85,
-8.21,-2.56,-2.97,-8.21,-2.56,-2.97,-6.97,3.84,-4.65,-6.97,3.84,-4.65,-7.00,3.82,-4.66,-7.00,3.82,-4.66,
-9.48,-3.46,-2.64,-9.48,-3.46,-2.64,-7.09,3.96,-5.31,-7.09,3.96,-5.31,-7.05,3.86,-5.55,-7.05,3.86,-5.55,
-9.45,-3.38,-2.16,-9.45,-3.38,-2.16,-7.28,3.94,-5.01,-7.28,3.94,-5.01,-7.37,3.35,-4.90,-7.37,3.35,-4.90,
-8.92,-3.14,-1.58,-8.92,-3.14,-1.58,-6.97,3.98,-5.14,-6.97,3.98,-5.14,-6.94,4.24,-5.14,-6.94,4.24,-5.14,

-1.54,8.89,3.10,-1.54,8.89,3.10,-2.90,8.95,-1.51,-2.90,8.95,-1.51,-2.84,8.96,-1.40,-2.84,8.96,-1.40,
-1.97,8.99,3.60,-1.97,8.99,3.60,-2.82,9.32,-1.31,-2.82,9.32,-1.31,-2.79,9.31,-1.28,-2.79,9.31,-1.28,
-1.59,9.04,3.30,-1.59,9.04,3.30,-2.83,9.26,-1.44,-2.83,9.26,-1.44,-2.88,9.29,-1.55,-2.88,9.29,-1.55,
-2.03,8.89,3.00,-2.03,8.89,3.00,-2.80,9.05,-1.58,-2.80,9.05,-1.58,-2.91,9.02,-1.55,-2.91,9.02,-1.55,
-4.77,8.50,1.70,-4.77,8.50,1.70,-4.12,8.51,-0.84,-4.12,8.51,-0.84,-3.89,8.40,-0.95,-3.89,8.40,-0.95,
-7.53,8.78,1.04,-7.53,8.78,1.04,-4.49,9.66,-1.29,-4.49,9.66,-1.29,-4.54,9.62,-1.34,-4.54,9.62,-1.34,
-9.52,7.33,1.52,-9.52,7.33,1.52,-4.51,7.66,-2.67,-4.51,7.66,-2.67,-4.44,7.82,-2.36,-4.44,7.82,-2.36,
-13.09,8.61,3.10,-13.09,8.61,3.10,-4.21,10.35,-4.01,-4.21,10.35,-4.01,-4.57,10.23,-3.96,-4.57,10.23,-3.96,
-9.64,3.66,1.89,-9.64,3.66,1.89,-6.54,7.69,-3.92,-6.54,7.69,-3.92,-6.62,7.68,-4.27,-6.62,7.68,-4.27,
-7.11,0.06,-1.36,-7.11,0.06,-1.36,-5.77,5.33,-4.62,-5.77,5.33,-4.62,-5.75,5.75,-4.47,-5.75,5.75,-4.47,
-6.53,-0.54,-2.41,-6.53,-0.54,-2.41,-4.57,2.80,-5.09,-4.57,2.80,-5.09,-4.23,2.76,-5.22,-4.23,2.76,-5.22,
-7.23,-5.45,-4.29,-7.23,-5.45,-4.29,-5.54,2.20,-6.90,-5.54,2.20,-6.90,-5.86,1.92,-7.22,-5.86,1.92,-7.22,
-9.45,-6.13,-3.17,-9.45,-6.13,-3.17,-7.22,2.37,-7.13,-7.22,2.37,-7.13,-7.18,1.99,-7.04,-7.18,1.99,-7.04,
-8.66,-5.69,-1.55,-8.66,-5.69,-1.55,-6.31,1.99,-7.19,-6.31,1.99,-7.19,-6.43,2.17,-6.56,-6.43,2.17,-6.56,

-2.19,8.73,3.75,-2.19,8.73,3.75,-3.42,9.14,-0.56,-3.42,9.14,-0.56,-3.39,9.19,-0.77,-3.39,9.19,-0.77,
-2.25,8.66,3.50,-2.25,8.66,3.50,-3.38,8.95,-0.70,-3.38,8.95,-0.70,-3.38,8.89,-0.71,-3.38,8.89,-0.71,
-4.62,9.14,2.92,-4.62,9.14,2.92,-3.88,8.82,-0.76,-3.88,8.82,-0.76,-3.82,8.92,-0.80,-3.82,8.92,-0.80,
-12.79,4.41,1.38,-12.79,4.41,1.38,-3.57,8.87,-0.16,-3.57,8.87,-0.16,-4.21,8.65,-0.40,-4.21,8.65,-0.40,
-8.05,6.68,-0.07,-8.05,6.68,-0.07,-5.22,7.70,-1.69,-5.22,7.70,-1.69,-5.20,7.85,-1.43,-5.20,7.85,-1.43,
-10.54,4.43,-1.15,-10.54,4.43,-1.15,-5.52,7.26,-2.49,-5.52,7.26,-2.49,-5.80,7.35,-2.40,-5.80,7.35,-2.40,
-9.42,2.50,-1.75,-9.42,2.50,-1.75,-5.59,6.47,-1.90,-5.59,6.47,-1.90,-5.68,6.59,-1.80,-5.68,6.59,-1.80,
-7.68,0.82,-2.48,-7.68,0.82,-2.48,-4.69,4.81,-5.42,-4.69,4.81,-5.42,-4.78,4.55,-5.29,-4.78,4.55,-5.29,
-7.67,-1.45,-3.07,-7.67,-1.45,-3.07,-5.66,4.83,-5.26,-5.66,4.83,-5.26,-5.61,4.01,-5.83,-5.61,4.01,-5.83,
-8.37,-2.46,-2.39,-8.37,-2.46,-2.39,-5.31,4.11,-6.67,-5.31,4.11,-6.67,-5.36,3.26,-6.35,-5.36,3.26,-6.35,
-7.90,-4.48,-2.28,-7.90,-4.48,-2.28,-6.52,2.73,-6.08,-6.52,2.73,-6.08,-6.40,2.26,-5.99,-6.40,2.26,-5.99,
-8.64,-4.93,-2.17,-8.64,-4.93,-2.17,-6.95,3.11,-6.35,-6.95,3.11,-6.35,-6.85,3.34,-6.37,-6.85,3.34,-6.37,
-8.46,-5.24,-1.50,-8.46,-5.24,-1.50,-6.28,2.98,-6.25,-6.28,2.98,-6.25,-6.32,2.91,-6.19,-6.32,2.91,-6.19,

-4.25,8.47,1.94,-4.25,8.47,1.94,-4.44,8.57,-0.94,-4.44,8.57,-0.94,-4.43,8.55,-1.15,-4.43,8.55,-1.15,
-4.30,8.08,2.02,-4.30,8.08,2.02,-4.17,8.35,-1.34,-4.17,8.35,-1.34,-4.21,8.35,-1.34,-4.21,8.35,-1.34,
-4.18,8.13,1.51,-4.18,8.13,1.51,-4.41,8.36,-1.65,-4.41,8.36,-1.65,-4.39,8.36,-1.69,-4.39,8.36,-1.69,
-5.32,8.21,-0.29,-5.32,8.21,-0.29,-5.03,8.03,-2.11,-5.03,8.03,-2.11,-5.27,8.03,-2.28,-5.27,8.03,-2.28,
-8.31,9.22,-0.23,-8.31,9.22,-0.23,-6.48,8.94,-1.60,-6.48,8.94,-1.60,-6.75,8.90,-1.36,-6.75,8.90,-1.36,
-6.50,8.89,0.44,-6.50,8.89,0.44,-4.05,8.00,-3.15,-4.05,8.00,-3.15,-3.92,7.92,-3.19,-3.92,7.92,-3.19,
-10.12,8.26,3.45,-10.12,8.26,3.45,-4.58,9.78,-2.03,-4.58,9.78,-2.03,-4.60,9.45,-2.02,-4.60,9.45,-2.02,
-9.18,5.85,1.66,-9.18,5.85,1.66,-5.75,7.67,-2.72,-5.75,7.67,-2.72,-5.77,7.55,-2.94,-5.77,7.55,-2.94,
-9.67,3.47,1.44,-9.67,3.47,1.44,-5.50,6.92,-3.66,-5.50,6.92,-3.66,-5.44,6.97,-3.70,-5.44,6.97,-3.70,
-8.83,0.16,1.14,-8.83,0.16,1.14,-5.77,5.60,-4.80,-5.77,5.60,-4.80,-5.80,5.31,-4.69,-5.80,5.31,-4.69,
-6.54,-2.03,-0.22,-6.54,-2.03,-0.22,-5.46,4.20,-5.11,-5.46,4.20,-5.11,-6.27,3.96,-4.42,-6.27,3.96,-4.42,
-7.33,-3.37,-0.73,-7.33,-3.37,-0.73,-6.25,3.15,-5.75,-6.25,3.15,-5.75,-6.37,3.14,-5.66,-6.37,3.14,-5.66,
-8.56,-4.56,-0.92,-8.56,-4.56,-0.92,-6.83,3.18,-5.59,-6.83,3.18,-5.59,-6.89,3.26,-5.52,-6.89,3.26,-5.52,
-9.33,-4.40,-1.11,-9.33,-4.40,-1.11,-7.13,2.90,-6.13,-7.13,2.90,-6.13,-7.05,3.01,-5.91,-7.05,3.01,-5.91,
-8.60,-4.41,-0.56,-8.60,-4.41,-0.56,-6.63,3.30,-5.72,-6.63,3.30,-5.72,-6.55,3.04,-5.77,-6.55,3.04,-5.77,

-2.65,8.87,2.83,-2.65,8.87,2.83,-2.83,9.06,-1.51,-2.83,9.06,-1.51,-2.87,9.01,-1.46,-2.87,9.01,-1.46,
-2.56,8.96,3.35,-2.56,8.96,3.35,-2.78,9.36,-1.28,-2.78,9.36,-1.28,-2.75,9.37,-1.31,-2.75,9.37,-1.31,
-2.55,8.85,2.98,-2.55,8.85,2.98,-2.77,9.17,-0.77,-2.77,9.17,-0.77,-2.53,9.22,-1.02,-2.53,9.22,-1.02,
-2.87,9.01,2.92,-2.87,9.01,2.92,-2.81,9.13,-1.34,-2.81,9.13,-1.34,-2.79,9.10,-1.25,-2.79,9.10,-1.25,
-7.55,8.28,3.29,-7.55,8.28,3.29,-3.38,9.24,-0.54,-3.38,9.24,-0.54,-3.26,9.28,-0.40,-3.26,9.28,-0.40,
-9.61,10.23,1.65,-9.61,10.23,1.65,-5.67,10.67,-0.16,-5.67,10.67,-0.16,-5.85,10.64,-0.15,-5.85,10.64,-0.15,
-8.03,7.22,1.90,-8.03,7.22,1.90,-4.80,8.60,-1.55,-4.80,8.60,-1.55,-4.99,8.88,-1.31,-4.99,8.88,-1.31,
-9.03,3.70,0.12,-9.03,3.70,0.12,-5.68,6.24,-2.99,-5.68,6.24,-2.99,-5.47,6.42,-3.16,-5.47,6.42,-3.16,
-8.42,1.91,-0.73,-8.42,1.91,-0.73,-6.17,5.81,-4.40,-6.17,5.81,-4.40,-6.03,5.85,-4.17,-6.03,5.85,-4.17,
-8.07,-0.71,-0.77,-8.07,-0.71,-0.77,-6.37,4.40,-4.76,-6.37,4.40,-4.76,-6.25,4.27,-4.97,-6.25,4.27,-4.97,
-7.77,-2.04,-1.40,-7.77,-2.04,-1.40,-6.73,3.80,-5.66,-6.73,3.80,-5.66,-6.86,3.81,-5.44,-6.86,3.81,-5.44,
-8.47,-2.47,-1.88,-8.47,-2.47,-1.88,-6.28,4.07,-5.66,-6.28,4.07,-5.66,-6.36,3.96,-5.65,-6.36,3.96,-5.65,
-8.69,-2.50,-1.93,-8.69,-2.50,-1.93,-6.29,4.05,-5.57,-6.29,4.05,-5.57,-6.35,4.05,-5.55,-6.35,4.05,-5.55,
-8.45,-1.99,-1.20,-8.45,-1.99,-1.20,-6.18,4.55,-4.57,-6.18,4.55,-4.57,-6.03,4.53,-4.71,-6.03,4.53,-4.71,
-5.99,0.20,-1.22,-5.99,0.20,-1.22,-6.61,4.96,-4.30,-6.61,4.96,-4.30,-6.55,5.02,-4.66,-6.55,5.02,-4.66,

-1.39,9.07,3.13,-1.39,9.07,3.13,-2.33,9.41,-1.58,-2.33,9.41,-1.58,-2.25,9.38,-1.64,-2.25,9.38,-1.64,
-1.21,9.30,3.18,-1.21,9.30,3.18,-2.38,9.28,-1.95,-2.38,9.28,-1.95,-2.37,9.25,-2.03,-2.37,9.25,-2.03,
-1.06,9.09,3.21,-1.06,9.09,3.21,-2.08,9.24,-1.93,-2.08,9.24,-1.93,-2.03,9.24,-1.90,-2.03,9.24,-1.90,
-0.58,9.06,2.99,-0.58,9.06,2.99,-1.56,9.20,-1.93,-1.56,9.20,-1.93,-1.58,9.05,-1.99,-1.58,9.05,-1.99,
-0.41,9.44,3.21,-0.41,9.44,3.21,-2.04,9.36,-1.89,-2.04,9.36,-1.89,-2.01,9.42,-1.93,-2.01,9.42,-1.93,
-2.08,9.71,3.20,-2.08,9.71,3.20,-3.55,9.66,-0.93,-3.55,9.66,-0.93,-3.54,9.70,-0.79,-3.54,9.70,-0.79,
-5.46,9.21,3.06,-5.46,9.21,3.06,-4.98,9.40,-0.81,-4.98,9.40,-0.81,-5.08,9.33,-1.00,-5.08,9.33,-1.00,
-10.82,7.57,2.13,-10.82,7.57,2.13,-6.13,8.30,-0.02,-6.13,8.30,-0.02,-5.97,8.37,-0.12,-5.97,8.37,-0.12,
-8.82,8.26,0.56,-8.82,8.26,0.56,-7.72,8.46,-0.43,-7.72,8.46,-0.43,-7.56,8.52,-0.57,-7.56,8.52,-0.57,
-9.53,5.81,0.79,-9.53,5.81,0.79,-6.74,5.78,-2.82,-6.74,5.78,-2.82,-6.56,5.89,-3.15,-6.56,5.89,-3.15,
-10.08,2.86,1.18,-10.08,2.86,1.18,-5.41,4.70,-4.46,-5.41,4.70,-4.46,-5.30,4.39,-4.37,-5.30,4.39,-4.37,
-5.83,1.33,-0.85,-5.83,1.33,-0.85,-6.50,3.21,-3.60,-6.50,3.21,-3.60,-6.47,3.37,-4.46,-6.47,3.37,-4.46,
-6.53,-3.11,-1.82,-6.53,-3.11,-1.82,-5.86,2.04,-5.59,-5.86,2.04,-5.59,-5.88,1.86,-5.49,-5.88,1.86,-5.49,
-7.77,-4.43,-2.68,-7.77,-4.43,-2.68,-6.84,2.53,-6.06,-6.84,2.53,-6.06,-6.67,2.42,-6.08,-6.67,2.42,-6.08,
-8.83,-5.25,-1.70,-8.83,-5.25,-1.70,-6.38,2.27,-6.58,-6.38,2.27,-6.58,-6.26,2.38,-6.41,-6.26,2.38,-6.41,
-8.22,-4.71,-2.10,-8.22,-4.71,-2.10,-6.87,2.34,-6.29,-6.87,2.34,-6.29,-6.85,2.32,-6.30,-6.85,2.32,-6.30,
-8.32,-4.55,-2.34,-8.32,-4.55,-2.34,-7.03,2.43,-6.53,-7.03,2.43,-6.53,-6.95,2.44,-6.53,-6.95,2.44,-6.53,
-7.88,-3.87,-2.18,-7.88,-3.87,-2.18,-6.39,2.45,-6.06,-6.39,2.45,-6.06,-6.34,2.44,-6.43,-6.34,2.44,-6.43,
-7.23,-2.40,-1.68,-7.23,-2.40,-1.68,-5.83,3.15,-6.50,-5.83,3.15,-6.50,-5.82,3.25,-6.68,-5.82,3.25,-6.68,

-3.73,8.66,2.71,-3.73,8.66,2.71,-4.26,8.61,-0.34,-4.26,8.61,-0.34,-4.26,8.59,-0.30,-4.26,8.59,-0.30,
-3.51,8.37,2.52,-3.51,8.37,2.52,-4.40,8.53,-0.05,-4.40,8.53,-0.05,-4.42,8.59,-0.02,-4.42,8.59,-0.02,
-4.31,8.46,1.53,-4.31,8.46,1.53,-4.89,8.05,-0.83,-4.89,8.05,-0.83,-4.97,8.40,-0.69,-4.97,8.40,-0.69,
-6.61,9.33,1.46,-6.61,9.33,1.46,-6.29,8.33,-1.34,-6.29,8.33,-1.34,-6.26,8.14,-1.25,-6.26,8.14,-1.25,
-6.47,10.16,0.94,-6.47,10.16,0.94,-4.89,9.62,-0.95,-4.89,9.62,-0.95,-4.94,9.67,-0.91,-4.94,9.67,-0.91,
-8.06,9.38,1.42,-8.06,9.38,1.42,-5.16,9.13,-0.92,-5.16,9.13,-0.92,-5.02,9.10,-0.91,-5.02,9.10,-0.91,
-10.27,7.41,4.05,-10.27,7.41,4.05,-5.43,8.72,-1.96,-5.43,8.72,-1.96,-5.19,8.81,-2.22,-5.19,8.81,-2.22,
-9.35,5.49,1.90,-9.35,5.49,1.90,-4.87,7.49,-4.01,-4.87,7.49,-4.01,-4.92,7.39,-3.82,-4.92,7.39,-3.82,
-9.43,0.66,-0.51,-9.43,0.66,-0.51,-7.03,5.91,-3.36,-7.03,5.91,-3.36,-6.98,5.89,-3.52,-6.98,5.89,-3.52,
-7.74,-1.15,-0.96,-7.74,-1.15,-0.96,-5.45,5.17,-4.65,-5.45,5.17,-4.65,-5.31,5.23,-4.45,-5.31,5.23,-4.45,
-5.21,-3.33,-3.02,-5.21,-3.33,-3.02,-6.24,2.83,-4.75,-6.24,2.83,-4.75,-6.15,2.48,-4.77,-6.15,2.48,-4.77,
-7.46,-4.28,-2.16,-7.46,-4.28,-2.16,-5.51,3.02,-5.64,-5.51,3.02,-5.64,-5.43,2.97,-5.68,-5.43,2.97,-5.68,
-7.77,-4.89,-3.62,-7.77,-4.89,-3.62,-6.37,2.69,-6.55,-6.37,2.69,-6.55,-6.41,2.73,-6.58,-6.41,2.73,-6.58,
-7.79,-4.61,-3.77,-7.79,-4.61,-3.77,-6.82,2.97,-6.63,-6.82,2.97,-6.63,-6.74,2.92,-6.64,-6.74,2.92,-6.64,
-8.00,-4.60,-3.21,-8.00,-4.60,-3.21,-6.85,2.95,-6.09,-6.85,2.95,-6.09,-6.80,2.94,-6.04,-6.80,2.94,-6.04,
-7.12,-3.69,-2.88,-7.12,-3.69,-2.88,-6.20,3.03,-5.65,-6.20,3.03,-5.65,-6.15,3.02,-5.64,-6.15,3.02,-5.64,
-5.25,-0.55,-1.44,-5.25,-0.55,-1.44,-5.82,3.59,-4.95,-5.82,3.59,-4.95,-5.54,3.83,-4.78,-5.54,3.83,-4.78,

-8.28,3.79,4.04,-8.28,3.79,4.04,-3.05,9.12,-1.18,-3.05,9.12,-1.18,-3.02,9.11,-1.34,-3.02,9.11,-1.34,
-8.19,3.89,3.78,-8.19,3.89,3.78,-3.17,9.06,-1.33,-3.17,9.06,-1.33,-3.21,9.05,-1.29,-3.21,9.05,-1.29,
-8.14,3.82,4.08,-8.14,3.82,4.08,-3.04,8.99,-1.30,-3.04,8.99,-1.30,-3.13,8.96,-1.25,-3.13,8.96,-1.25,
-7.84,3.89,3.94,-7.84,3.89,3.94,-3.01,8.83,-1.33,-3.01,8.83,-1.33,-2.97,8.81,-1.30,-2.97,8.81,-1.30,
-8.37,3.12,2.51,-8.37,3.12,2.51,-2.88,9.95,-1.42,-2.88,9.95,-1.42,-2.99,9.90,-1.45,-2.99,9.90,-1.45,
-13.00,4.12,-1.86,-13.00,4.12,-1.86,-5.16,10.55,-0.51,-5.16,10.55,-0.51,-5.16,10.53,-0.61,-5.16,10.53,-0.61,
-11.68,4.40,-2.72,-11.68,4.40,-2.72,-5.44,9.07,-1.43,-5.44,9.07,-1.43,-5.26,8.48,-1.25,-5.26,8.48,-1.25,
-9.25,4.58,-4.31,-9.25,4.58,-4.31,-5.39,7.28,-2.99,-5.39,7.28,-2.99,-5.07,7.31,-3.19,-5.07,7.31,-3.19,
-9.19,5.14,-1.69,-9.19,5.14,-1.69,-5.36,5.98,-4.21,-5.36,5.98,-4.21,-5.42,5.99,-4.08,-5.42,5.99,-4.08,
-8.93,2.12,1.03,-8.93,2.12,1.03,-6.57,3.82,-5.43,-6.57,3.82,-5.43,-6.39,4.00,-5.58,-6.39,4.00,-5.58,
-6.82,-0.62,0.83,-6.82,-0.62,0.83,-6.14,2.52,-5.92,-6.14,2.52,-5.92,-5.95,2.58,-6.24,-5.95,2.58,-6.24,
-7.38,-6.02,-0.60,-7.38,-6.02,-0.60,-6.84,0.53,-6.66,-6.84,0.53,-6.66,-7.29,0.50,-6.24,-7.29,0.50,-6.24,
-8.06,-5.02,-0.22,-8.06,-5.02,-0.22,-6.81,0.98,-5.98,-6.81,0.98,-5.98,-6.76,1.17,-5.73,-6.76,1.17,-5.73,
-8.24,-4.97,0.11,-8.24,-4.97,0.11,-7.67,1.58,-6.24,-7.67,1.58,-6.24,-7.82,1.58,-6.33,-7.82,1.58,-6.33,
-8.65,-4.50,0.11,-8.65,-4.50,0.11,-7.18,2.28,-6.08,-7.18,2.28,-6.08,-7.16,2.33,-6.07,-7.16,2.33,-6.07,
-8.41,-4.31,-0.33,-8.41,-4.31,-0.33,-7.09,1.99,-6.42,-7.09,1.99,-6.42,-6.99,1.85,-6.29,-6.99,1.85,-6.29,

-3.34,8.62,3.48,-3.34,8.62,3.48,-3.27,9.12,-1.19,-3.27,9.12,-1.19,-3.30,9.10,-1.29,-3.30,9.10,-1.29,
-3.91,8.62,3.03,-3.91,8.62,3.03,-3.47,9.03,-1.13,-3.47,9.03,-1.13,-3.49,9.10,-1.10,-3.49,9.10,-1.10,
-3.28,8.88,2.55,-3.28,8.88,2.55,-3.37,8.96,-1.36,-3.37,8.96,-1.36,-3.49,8.96,-1.41,-3.49,8.96,-1.41,
-5.23,8.60,2.11,-5.23,8.60,2.11,-4.26,8.75,-1.15,-4.26,8.75,-1.15,-4.18,8.55,-1.35,-4.18,8.55,-1.35,
-3.76,8.07,1.78,-3.76,8.07,1.78,-3.65,8.11,-1.03,-3.65,8.11,-1.03,-3.64,8.03,-1.06,-3.64,8.03,-1.06,
-2.96,9.27,0.52,-2.96,9.27,0.52,-4.07,7.79,-3.32,-4.07,7.79,-3.32,-4.30,7.75,-3.27,-4.30,7.75,-3.27,
-3.69,9.50,-0.26,-3.69,9.50,-0.26,-4.40,7.69,-3.69,-4.40,7.69,-3.69,-4.40,7.62,-3.64,-4.40,7.62,-3.64,
-3.41,8.58,0.70,-3.41,8.58,0.70,-4.66,8.16,-3.07,-4.66,8.16,-3.07,-4.55,8.16,-3.24,-4.55,8.16,-3.24,
-2.51,8.70,1.15,-2.51,8.70,1.15,-2.84,8.46,-3.78,-2.84,8.46,-3.78,-2.05,8.31,-3.49,-2.05,8.31,-3.49,
-10.05,11.51,1.11,-10.05,11.51,1.11,-5.35,10.80,-1.29,-5.35,10.80,-1.29,-5.54,11.15,-1.11,-5.54,11.15,-1.11,
-9.27,7.81,2.99,-9.27,7.81,2.99,-4.08,8.18,-1.96,-4.08,8.18,-1.96,-4.19,8.04,-1.56,-4.19,8.04,-1.56,
-10.25,8.46,4.99,-10.25,8.46,4.99,-6.60,9.71,-1.19,-6.60,9.71,-1.19,-7.27,9.27,-0.95,-7.27,9.27,-0.95,
-8.74,4.27,4.01,-8.74,4.27,4.01,-4.68,6.96,-3.59,-4.68,6.96,-3.59,-4.69,6.97,-3.37,-4.69,6.97,-3.37,
-8.39,0.09,1.60,-8.39,0.09,1.60,-7.21,4.27,-4.27,-7.21,4.27,-4.27,-7.28,4.18,-4.27,-7.28,4.18,-4.27,
-7.85,-2.41,-0.45,-7.85,-2.41,-0.45,-6.29,3.35,-5.38,-6.29,3.35,-5.38,-6.26,3.41,-5.31,-6.26,3.41,-5.31,
-7.81,-2.80,-0.66,-7.81,-2.80,-0.66,-5.76,2.73,-5.73,-5.76,2.73,-5.73,-5.77,3.02,-5.50,-5.77,3.02,-5.50,
-8.46,-3.96,-0.70,-8.46,-3.96,-0.70,-7.04,3.07,-6.12,-7.04,3.07,-6.12,-7.14,2.95,-5.97,-7.14,2.95,-5.97,
-8.70,-4.03,-0.60,-8.70,-4.03,-0.60,-7.11,2.86,-5.64,-7.11,2.86,-5.64,-7.13,2.81,-5.93,-7.13,2.81,-5.93,
-8.98,-2.96,-0.63,-8.98,-2.96,-0.63,-6.37,3.32,-5.61,-6.37,3.32,-5.61,-6.29,3.30,-5.64,-6.29,3.30,-5.64,

-2.99,8.54,3.19,-2.99,8.54,3.19,-3.20,8.88,-0.71,-3.20,8.88,-0.71,-3.16,8.81,-0.78,-3.16,8.81,-0.78,
-3.42,8.45,4.20,-3.42,8.45,4.20,-3.44,9.76,0.19,-3.44,9.76,0.19,-3.47,9.78,0.31,-3.47,9.78,0.31,
-3.38,8.39,2.68,-3.38,8.39,2.68,-3.77,8.41,-0.30,-3.77,8.41,-0.30,-3.88,8.36,-0.13,-3.88,8.36,-0.13,
-6.09,8.63,2.45,-6.09,8.63,2.45,-4.98,9.32,0.06,-4.98,9.32,0.06,-4.86,9.39,-0.18,-4.86,9.39,-0.18,
-8.44,8.01,2.73,-8.44,8.01,2.73,-6.31,8.10,-0.95,-6.31,8.10,-0.95,-6.59,7.80,-0.80,-6.59,7.80,-0.80,
-8.88,8.82,4.85,-8.88,8.82,4.85,-6.34,9.46,-1.69,-6.34,9.46,-1.69,-6.12,10.39,-1.92,-6.12,10.39,-1.92,
-8.73,6.69,1.63,-8.73,6.69,1.63,-5.59,7.69,-2.94,-5.59,7.69,-2.94,-5.50,7.67,-2.90,-5.50,7.67,-2.90,
-8.73,4.71,1.30,-8.73,4.71,1.30,-5.80,7.68,-4.16,-5.80,7.68,-4.16,-5.41,7.62,-4.36,-5.41,7.62,-4.36,
-8.38,-0.27,-1.30,-8.38,-0.27,-1.30,-5.69,4.73,-4.10,-5.69,4.73,-4.10,-5.93,4.69,-4.74,-5.93,4.69,-4.74,
-7.55,-1.47,-0.84,-7.55,-1.47,-0.84,-4.98,4.66,-5.85,-4.98,4.66,-5.85,-5.40,4.77,-7.01,-5.40,4.77,-7.01,
-6.94,-3.39,-1.31,-6.94,-3.39,-1.31,-6.32,3.42,-5.02,-6.32,3.42,-5.02,-6.56,3.56,-5.03,-6.56,3.56,-5.03,
-8.33,-3.47,-0.30,-8.33,-3.47,-0.30,-6.39,3.76,-5.46,-6.39,3.76,-5.46,-6.30,3.44,-5.55,-6.30,3.44,-5.55,

-0.95,8.82,3.34,-0.95,8.82,3.34,-2.33,9.15,-1.43,-2.33,9.15,-1.43,-2.33,9.33,-1.30,-2.33,9.33,-1.30,
-0.86,9.41,3.49,-0.86,9.41,3.49,-2.25,9.50,-1.77,-2.25,9.50,-1.77,-2.18,9.53,-1.81,-2.18,9.53,-1.81,
-1.03,9.22,3.00,-1.03,9.22,3.00,-2.28,9.43,-2.16,-2.28,9.43,-2.16,-2.39,9.33,-2.11,-2.39,9.33,-2.11,
-0.89,9.09,2.51,-0.89,9.09,2.51,-2.02,9.20,-1.97,-2.02,9.20,-1.97,-2.03,9.25,-2.07,-2.03,9.25,-2.07,
-0.78,9.31,2.46,-0.78,9.31,2.46,-1.70,9.00,-2.06,-1.70,9.00,-2.06,-1.66,8.97,-2.13,-1.66,8.97,-2.13,
-4.28,9.76,3.20,-4.28,9.76,3.20,-3.17,9.93,-2.05,-3.17,9.93,-2.05,-3.27,9.80,-1.91,-3.27,9.80,-1.91,
-10.93,9.47,1.94,-10.93,9.47,1.94,-5.18,9.52,-1.28,-5.18,9.52,-1.28,-5.21,9.41,-1.25,-5.21,9.41,-1.25,
-12.15,5.90,2.54,-12.15,5.90,2.54,-6.40,7.66,-3.36,-6.40,7.66,-3.36,-6.43,7.72,-3.40,-6.43,7.72,-3.40,
-9.80,3.45,1.63,-9.80,3.45,1.63,-6.03,6.68,-4.02,-6.03,6.68,-4.02,-5.92,6.63,-4.06,-5.92,6.63,-4.06,
-7.43,-0.24,0.40,-7.43,-0.24,0.40,-6.44,4.65,-4.45,-6.44,4.65,-4.45,-6.38,4.87,-4.88,-6.38,4.87,-4.88,
-6.92,-3.02,-1.20,-6.92,-3.02,-1.20,-6.60,2.76,-5.22,-6.60,2.76,-5.22,-6.32,2.92,-5.37,-6.32,2.92,-5.37,
-6.45,-3.03,-1.00,-6.45,-3.03,-1.00,-6.36,4.11,-5.50,-6.36,4.11,-5.50,-6.31,4.00,-5.41,-6.31,4.00,-5.41,
-7.27,-5.13,-2.81,-7.27,-5.13,-2.81,-6.66,1.70,-6.45,-6.66,1.70,-6.45,-6.59,1.79,-6.46,-6.59,1.79,-6.46,

-1.61,8.70,3.57,-1.61,8.70,3.57,-2.81,9.25,-0.17,-2.81,9.25,-0.17,-2.78,9.28,-0.01,-2.78,9.28,-0.01,
-3.37,9.10,2.76,-3.37,9.10,2.76,-3.32,9.38,-0.75,-3.32,9.38,-0.75,-3.31,9.36,-0.66,-3.31,9.36,-0.66,
-6.30,8.06,3.19,-6.30,8.06,3.19,-3.63,9.48,0.25,-3.63,9.48,0.25,-3.95,9.33,0.34,-3.95,9.33,0.34,
-7.13,8.23,1.87,-7.13,8.23,1.87,-5.65,8.69,-0.22,-5.65,8.69,-0.22,-5.70,8.56,-0.05,-5.70,8.56,-0.05,
-9.58,7.01,1.23,-9.58,7.01,1.23,-8.00,7.39,-1.59,-8.00,7.39,-1.59,-7.55,7.90,-1.48,-7.55,7.90,-1.48,
-11.69,7.25,2.27,-11.69,7.25,2.27,-7.32,8.65,-2.87,-7.32,8.65,-2.87,-7.06,8.76,-2.90,-7.06,8.76,-2.90,
-7.70,4.41,3.39,-7.70,4.41,3.39,-3.50,6.62,-3.46,-3.50,6.62,-3.46,-3.53,6.71,-3.39,-3.53,6.71,-3.39,
-7.07,-0.93,0.67,-7.07,-0.93,0.67,-6.62,4.04,-5.71,-6.62,4.04,-5.71,-6.86,4.02,-5.97,-6.86,4.02,-5.97,
-5.46,-3.22,-0.56,-5.46,-3.22,-0.56,-5.30,1.99,-5.77,-5.30,1.99,-5.77,-5.81,2.71,-5.13,-5.81,2.71,-5.13,
-6.93,-3.68,-1.80,-6.93,-3.68,-1.80,-5.24,2.67,-5.60,-5.24,2.67,-5.60,-5.36,2.55,-5.72,-5.36,2.55,-5.72,
-7.93,-5.05,-2.74,-7.93,-5.05,-2.74,-6.18,1.88,-6.75,-6.18,1.88,-6.75,-6.22,1.69,-6.91,-6.22,1.69,-6.91,

-2.28,8.16,4.71,-2.28,8.16,4.71,-2.93,9.01,0.06,-2.93,9.01,0.06,-2.99,9.06,0.19,-2.99,9.06,0.19,
-2.17,8.29,4.64,-2.17,8.29,4.64,-2.81,9.38,-0.04,-2.81,9.38,-0.04,-2.83,9.41,0.02,-2.83,9.41,0.02,
-2.42,8.51,4.11,-2.42,8.51,4.11,-2.92,9.28,-0.21,-2.92,9.28,-0.21,-2.89,9.25,-0.32,-2.89,9.25,-0.32,
-2.37,8.53,4.13,-2.37,8.53,4.13,-2.82,9.27,-0.44,-2.82,9.27,-0.44,-2.81,9.24,-0.27,-2.81,9.24,-0.27,
-2.36,8.47,4.28,-2.36,8.47,4.28,-2.88,9.22,-0.46,-2.88,9.22,-0.46,-2.86,9.21,-0.20,-2.86,9.21,-0.20,
-2.35,8.45,4.34,-2.35,8.45,4.34,-3.00,9.24,-0.35,-3.00,9.24,-0.35,-2.94,9.21,-0.29,-2.94,9.21,-0.29,
-2.66,8.96,3.30,-2.66,8.96,3.30,-3.61,9.38,-0.54,-3.61,9.38,-0.54,-3.69,9.52,-0.57,-3.69,9.52,-0.57,
-5.51,9.12,1.51,-5.51,9.12,1.51,-4.18,8.74,0.05,-4.18,8.74,0.05,-4.51,8.94,0.24,-4.51,8.94,0.24,
-10.07,10.75,-2.14,-10.07,10.75,-2.14,-8.43,8.15,-1.91,-8.43,8.15,-1.91,-8.88,8.25,-1.90,-8.88,8.25,-1.90,
-11.34,8.08,-0.27,-11.34,8.08,-0.27,-5.40,8.45,-1.86,-5.40,8.45,-1.86,-5.40,8.54,-1.92,-5.40,8.54,-1.92,
-10.23,4.60,2.36,-10.23,4.60,2.36,-5.48,6.60,-4.68,-5.48,6.60,-4.68,-5.57,6.72,-4.38,-5.57,6.72,-4.38,
-5.27,1.27,-1.39,-5.27,1.27,-1.39,-6.08,3.23,-4.34,-6.08,3.23,-4.34,-5.97,2.75,-4.64,-5.97,2.75,-4.64,
-6.43,-2.96,-2.33,-6.43,-2.96,-2.33,-5.55,2.51,-8.03,-5.55,2.51,-8.03,-5.26,2.05,-7.34,-5.26,2.05,-7.34,
-6.95,-4.33,-2.26,-6.95,-4.33,-2.26,-5.77,2.38,-6.46,-5.77,2.38,-6.46,-6.03,2.51,-5.92,-6.03,2.51,-5.92,
-8.53,-4.00,-2.14,-8.53,-4.00,-2.14,-6.72,2.83,-6.53,-6.72,2.83,-6.53,-6.81,2.38,-7.02,-6.81,2.38,-7.02,

-3.94,8.40,3.34,-3.94,8.40,3.34,-3.58,9.08,0.01,-3.58,9.08,0.01,-3.56,9.08,0.18,-3.56,9.08,0.18,
-3.76,8.50,2.97,-3.76,8.50,2.97,-3.58,9.08,-0.05,-3.58,9.08,-0.05,-3.56,9.07,-0.10,-3.56,9.07,-0.10,
-4.01,8.33,3.21,-4.01,8.33,3.21,-3.32,9.07,0.12,-3.32,9.07,0.12,-3.25,9.07,-0.06,-3.25,9.07,-0.06,
-3.74,8.44,3.32,-3.74,8.44,3.32,-3.48,9.12,0.01,-3.48,9.12,0.01,-3.42,9.09,-0.06,-3.42,9.09,-0.06,
-3.67,8.41,2.88,-3.67,8.41,2.88,-3.30,8.97,-0.03,-3.30,8.97,-0.03,-3.32,8.98,-0.09,-3.32,8.98,-0.09,
-3.75,8.50,3.29,-3.75,8.50,3.29,-3.30,9.14,0.07,-3.30,9.14,0.07,-3.32,9.13,0.02,-3.32,9.13,0.02,
-3.84,8.44,3.31,-3.84,8.44,3.31,-3.49,9.11,0.16,-3.49,9.11,0.16,-3.47,9.13,0.17,-3.47,9.13,0.17,
-4.76,8.71,1.96,-4.76,8.71,1.96,-3.72,9.18,0.26,-3.72,9.18,0.26,-3.68,9.19,0.33,-3.68,9.19,0.33,
-17.34,8.39,0.00,-17.34,8.39,0.00,-6.72,10.06,-0.15,-6.72,10.06,-0.15,-6.66,10.03,-0.08,-6.66,10.03,-0.08,
-10.26,7.57,2.68,-10.26,7.57,2.68,-5.84,9.58,-1.39,-5.84,9.58,-1.39,-5.69,9.53,-1.49,-5.69,9.53,-1.49,
-10.41,5.74,0.15,-10.41,5.74,0.15,-5.49,6.98,-3.10,-5.49,6.98,-3.10,-5.66,7.17,-3.29,-5.66,7.17,-3.29,
-8.84,2.28,0.46,-8.84,2.28,0.46,-5.08,5.36,-3.69,-5.08,5.36,-3.69,-5.03,5.15,-3.31,-5.03,5.15,-3.31,
-6.15,-1.07,0.03,-6.15,-1.07,0.03,-6.07,2.94,-4.15,-6.07,2.94,-4.15,-6.05,3.16,-4.45,-6.05,3.16,-4.45,
-6.38,-3.29,-1.58,-6.38,-3.29,-1.58,-6.02,2.45,-6.41,-6.02,2.45,-6.41,-5.97,2.48,-6.25,-5.97,2.48,-6.25,
-8.63,-4.03,-2.07,-8.63,-4.03,-2.07,-5.88,2.61,-6.86,-5.88,2.61,-6.86,-5.57,2.80,-7.24,-5.57,2.80,-7.24,
-9.44,-4.05,-1.88,-9.44,-4.05,-1.88,-6.54,2.68,-6.62,-6.54,2.68,-6.62,-6.45,2.62,-6.76,-6.45,2.62,-6.76,

-2.62,8.77,3.27,-2.62,8.77,3.27,-2.76,9.25,-0.06,-2.76,9.25,-0.06,-2.76,9.25,-0.08,-2.76,9.25,-0.08,
-2.43,8.79,3.56,-2.43,8.79,3.56,-2.85,9.29,-0.36,-2.85,9.29,-0.36,-2.72,9.27,-0.41,-2.72,9.27,-0.41,
-2.49,8.75,3.62,-2.49,8.75,3.62,-2.70,9.32,-0.12,-2.70,9.32,-0.12,-2.73,9.35,-0.18,-2.73,9.35,-0.18,
-2.54,8.69,3.42,-2.54,8.69,3.42,-2.71,9.24,-0.18,-2.71,9.24,-0.18,-2.67,9.27,-0.26,-2.67,9.27,-0.26,
-2.56,8.80,3.20,-2.56,8.80,3.20,-2.95,9.20,-0.20,-2.95,9.20,-0.20,-2.93,9.19,-0.07,-2.93,9.19,-0.07,
-2.64,8.87,2.64,-2.64,8.87,2.64,-3.34,8.80,-0.57,-3.34,8.80,-0.57,-3.28,8.76,-0.83,-3.28,8.76,-0.83,
-7.47,6.70,1.41,-7.47,6.70,1.41,-3.38,8.71,0.78,-3.38,8.71,0.78,-3.14,9.01,0.78,-3.14,9.01,0.78,
-7.40,9.99,1.79,-7.40,9.99,1.79,-6.97,8.74,-2.56,-6.97,8.74,-2.56,-7.00,8.86,-2.54,-7.00,8.86,-2.54,
-7.70,8.06,4.25,-7.70,8.06,4.25,-5.03,8.49,-1.92,-5.03,8.49,-1.92,-4.66,8.45,-1.90,-4.66,8.45,-1.90,
-8.46,4.01,3.13,-8.46,4.01,3.13,-5.48,6.76,-3.58,-5.48,6.76,-3.58,-4.95,7.06,-3.74,-4.95,7.06,-3.74,
-7.53,-0.25,0.05,-7.53,-0.25,0.05,-6.32,5.23,-4.49,-6.32,5.23,-4.49,-6.42,5.35,-4.35,-6.42,5.35,-4.35,
-8.09,-2.97,-1.13,-8.09,-2.97,-1.13,-6.50,4.15,-4.92,-6.50,4.15,-4.92,-6.26,4.20,-5.05,-6.26,4.20,-5.05,
-7.79,-4.06,-1.93,-7.79,-4.06,-1.93,-5.77,2.83,-4.78,-5.77,2.83,-4.78,-5.88,3.15,-5.93,-5.88,3.15,-5.93,
-8.18,-3.62,-1.13,-8.18,-3.62,-1.13,-5.45,3.28,-5.77,-5.45,3.28,-5.77,-5.39,3.35,-5.78,-5.39,3.35,-5.78,

-2.91,8.53,3.26,-2.91,8.53,3.26,-2.96,9.32,-0.11,-2.96,9.32,-0.11,-2.91,9.29,-0.17,-2.91,9.29,-0.17,
-2.76,8.46,3.73,-2.76,8.46,3.73,-2.51,9.27,-0.40,-2.51,9.27,-0.40,-2.34,9.31,-0.27,-2.34,9.31,-0.27,
-2.70,8.79,4.10,-2.70,8.79,4.10,-2.44,9.64,-0.47,-2.44,9.64,-0.47,-2.47,9.65,-0.51,-2.47,9.65,-0.51,
-2.53,8.61,3.89,-2.53,8.61,3.89,-2.13,9.42,-0.55,-2.13,9.42,-0.55,-2.16,9.49,-0.61,-2.16,9.49,-0.61,
-2.97,8.79,2.93,-2.97,8.79,2.93,-2.87,9.30,-0.70,-2.87,9.30,-0.70,-2.75,9.25,-0.70,-2.75,9.25,-0.70,
-4.50,8.64,2.69,-4.50,8.64,2.69,-3.04,8.84,-0.79,-3.04,8.84,-0.79,-2.94,8.64,-0.79,-2.94,8.64,-0.79,
-9.84,8.40,2.23,-9.84,8.40,2.23,-4.69,9.52,-0.71,-4.69,9.52,-0.71,-4.87,9.28,-0.84,-4.87,9.28,-0.84,
-9.95,8.73,0.21,-9.95,8.73,0.21,-6.34,9.90,-1.13,-6.34,9.90,-1.13,-6.28,9.73,-1.33,-6.28,9.73,-1.33,
-11.39,5.07,-0.29,-11.39,5.07,-0.29,-6.26,6.56,-4.18,-6.26,6.56,-4.18,-5.86,6.72,-3.89,-5.86,6.72,-3.89,
-10.37,0.98,1.75,-10.37,0.98,1.75,-5.83,4.69,-3.93,-5.83,4.69,-3.93,-5.62,4.82,-3.54,-5.62,4.82,-3.54,
-4.00,-2.24,-1.32,-4.00,-2.24,-1.32,-4.50,2.88,-4.15,-4.50,2.88,-4.15,-4.59,1.83,-4.92,-4.59,1.83,-4.92,
-6.04,-5.15,-1.03,-6.04,-5.15,-1.03,-5.69,1.81,-6.49,-5.69,1.81,-6.49,-5.71,1.93,-6.68,-5.71,1.93,-6.68,
-8.48,-4.87,-1.30,-8.48,-4.87,-1.30,-5.59,2.13,-6.83,-5.59,2.13,-6.83,-5.76,2.26,-6.55,-5.76,2.26,-6.55,
-9.24,-5.71,-1.09,-9.24,-5.71,-1.09,-6.59,2.49,-7.15,-6.59,2.49,-7.15,-6.76,2.56,-7.10,-6.76,2.56,-7.10,

-3.27,8.82,2.88,-3.27,8.82,2.88,-3.19,9.21,-0.11,-3.19,9.21,-0.11,-3.21,9.20,0.03,-3.21,9.20,0.03,
-3.17,8.91,2.86,-3.17,8.91,2.86,-3.17,9.26,-0.16,-3.17,9.26,-0.16,-3.15,9.26,-0.11,-3.15,9.26,-0.11,
-3.16,8.78,3.01,-3.16,8.78,3.01,-3.07,9.29,-0.05,-3.07,9.29,-0.05,-3.08,9.27,-0.14,-3.08,9.27,-0.14,
-3.09,8.82,2.64,-3.09,8.82,2.64,-3.11,9.19,-0.02,-3.11,9.19,-0.02,-3.11,9.21,-0.04,-3.11,9.21,-0.04,
-3.13,8.93,2.83,-3.13,8.93,2.83,-3.19,9.19,-0.27,-3.19,9.19,-0.27,-3.21,9.20,-0.32,-3.21,9.20,-0.32,
-3.44,8.93,2.37,-3.44,8.93,2.37,-3.38,9.13,-0.33,-3.38,9.13,-0.33,-3.46,9.18,-0.28,-3.46,9.18,-0.28,
-4.74,8.74,1.85,-4.74,8.74,1.85,-3.66,8.99,-0.58,-3.66,8.99,-0.58,-3.77,8.97,-0.49,-3.77,8.97,-0.49,
-6.28,8.94,2.19,-6.28,8.94,2.19,-5.46,9.37,-0.18,-5.46,9.37,-0.18,-5.39,9.31,-0.30,-5.39,9.31,-0.30,
-11.17,9.05,-0.93,-11.17,9.05,-0.93,-7.66,8.49,-1.73,-7.66,8.49,-1.73,-7.51,8.78,-1.26,-7.51,8.78,-1.26,
-10.15,7.88,1.11,-10.15,7.88,1.11,-6.21,8.78,-3.51,-6.21,8.78,-3.51,-6.08,9.01,-3.60,-6.08,9.01,-3.60,
-8.98,3.76,3.51,-8.98,3.76,3.51,-5.10,6.04,-3.10,-5.10,6.04,-3.10,-5.09,6.42,-3.43,-5.09,6.42,-3.43,
-5.28,0.36,0.59,-5.28,0.36,0.59,-4.37,3.88,-5.76,-4.37,3.88,-5.76,-4.82,3.87,-5.27,-4.82,3.87,-5.27,
-5.82,-3.18,-0.82,-5.82,-3.18,-0.82,-5.38,2.59,-6.27,-5.38,2.59,-6.27,-5.45,2.57,-6.57,-5.45,2.57,-6.57,
-7.36,-3.93,-1.58,-7.36,-3.93,-1.58,-5.22,2.08,-6.70,-5.22,2.08,-6.70,-5.28,2.07,-6.59,-5.28,2.07,-6.59,
-8.05,-4.60,-1.80,-8.05,-4.60,-1.80,-6.15,2.23,-7.13,-6.15,2.23,-7.13,-6.14,2.26,-7.10,-6.14,2.26,-7.10,
-8.88,-4.41,-1.70,-8.88,-4.41,-1.70,-6.44,2.61,-7.46,-6.44,2.61,-7.46,-6.55,2.61,-7.21,-6.55,2.61,-7.21,
-9.64,-4.12,-0.75,-9.64,-4.12,-0.75,-6.11,3.06,-7.03,-6.11,3.06,-7.03,-5.96,2.97,-7.37,-5.96,2.97,-7.37,

-2.73,8.94,2.72,-2.73,8.94,2.72,-3.23,9.14,-0.57,-3.23,9.14,-0.57,-3.17,9.11,-0.67,-3.17,9.11,-0.67,
-2.74,8.78,2.82,-2.74,8.78,2.82,-3.12,9.10,-0.46,-3.12,9.10,-0.46,-3.12,9.07,-0.57,-3.12,9.07,-0.57,
-2.83,8.88,2.78,-2.83,8.88,2.78,-3.17,9.15,-0.35,-3.17,9.15,-0.35,-3.16,9.12,-0.48,-3.16,9.12,-0.48,
-2.74,8.84,2.94,-2.74,8.84,2.94,-3.26,9.11,-0.57,-3.26,9.11,-0.57,-3.25,9.11,-0.58,-3.25,9.11,-0.58,
-2.91,8.77,2.76,-2.91,8.77,2.76,-3.29,9.14,-0.55,-3.29,9.14,-0.55,-3.34,9.14,-0.43,-3.34,9.14,-0.43,
-2.91,8.86,2.89,-2.91,8.86,2.89,-3.49,8.89,-0.66,-3.49,8.89,-0.66,-3.56,9.03,-0.66,-3.56,9.03,-0.66,
-5.56,8.62,1.96,-5.56,8.62,1.96,-4.29,8.99,-0.13,-4.29,8.99,-0.13,-4.54,8.87,-0.13,-4.54,8.87,-0.13,
-9.55,10.15,-2.71,-9.55,10.15,-2.71,-6.21,8.79,-1.12,-6.21,8.79,-1.12,-6.08,8.78,-1.29,-6.08,8.78,-1.29,
-8.13,9.23,1.44,-8.13,9.23,1.44,-5.57,9.16,-1.62,-5.57,9.16,-1.62,-5.57,9.14,-2.20,-5.57,9.14,-2.20,
-9.08,6.06,1.77,-9.08,6.06,1.77,-5.23,7.06,-3.55,-5.23,7.06,-3.55,-5.44,7.02,-3.70,-5.44,7.02,-3.70,
-9.87,1.89,0.78,-9.87,1.89,0.78,-6.41,5.57,-4.68,-6.41,5.57,-4.68,-6.45,5.33,-4.79,-6.45,5.33,-4.79,
-8.92,-0.52,0.78,-8.92,-0.52,0.78,-7.45,3.39,-5.05,-7.45,3.39,-5.05,-7.57,3.52,-4.96,-7.57,3.52,-4.96,
-7.11,-2.83,-0.71,-7.11,-2.83,-0.71,-5.63,3.47,-6.58,-5.63,3.47,-6.58,-5.37,3.75,-6.36,-5.37,3.75,-6.36,
-6.77,-3.70,-0.86,-6.77,-3.70,-0.86,-5.44,2.68,-6.28,-5.44,2.68,-6.28,-5.58,2.69,-6.00,-5.58,2.69,-6.00,
-7.45,-4.25,-1.55,-7.45,-4.25,-1.55,-6.04,2.68,-6.86,-6.04,2.68,-6.86,-6.02,2.71,-6.79,-6.02,2.71,-6.79,
-8.40,-4.51,-1.87,-8.40,-4.51,-1.87,-6.36,2.80,-7.24,-6.36,2.80,-7.24,-6.37,2.86,-7.18,-6.37,2.86,-7.18,

-2.65,8.87,3.30,-2.65,8.87,3.30,-3.27,9.11,-0.36,-3.27,9.11,-0.36,-3.22,9.13,-0.55,-3.22,9.13,-0.55,
-2.55,8.80,3.21,-2.55,8.80,3.21,-3.20,9.14,-0.32,-3.20,9.14,-0.32,-3.20,9.12,-0.31,-3.20,9.12,-0.31,
-2.55,8.85,3.00,-2.55,8.85,3.00,-3.14,9.18,-0.57,-3.14,9.18,-0.57,-3.35,9.15,-0.36,-3.35,9.15,-0.36,
-2.60,8.81,3.12,-2.60,8.81,3.12,-3.19,9.12,-0.24,-3.19,9.12,-0.24,-3.07,9.10,-0.30,-3.07,9.10,-0.30,
-2.65,8.84,2.91,-2.65,8.84,2.91,-3.09,9.14,-0.33,-3.09,9.14,-0.33,-3.20,9.14,-0.34,-3.20,9.14,-0.34,
-2.59,8.89,3.03,-2.59,8.89,3.03,-3.24,9.33,-0.18,-3.24,9.33,-0.18,-3.25,9.21,-0.27,-3.25,9.21,-0.27,
-3.21,8.93,2.11,-3.21,8.93,2.11,-3.61,9.07,-0.77,-3.61,9.07,-0.77,-3.65,8.98,-0.90,-3.65,8.98,-0.90,
-6.49,9.39,2.43,-6.49,9.39,2.43,-4.40,9.38,-0.06,-4.40,9.38,-0.06,-4.44,9.40,-0.22,-4.44,9.40,-0.22,
-8.39,9.77,-2.08,-8.39,9.77,-2.08,-6.41,8.94,-1.06,-6.41,8.94,-1.06,-6.22,8.93,-1.35,-6.22,8.93,-1.35,
-10.22,8.52,0.18,-10.22,8.52,0.18,-6.09,8.80,-1.80,-6.09,8.80,-1.80,-6.08,8.74,-1.90,-6.08,8.74,-1.90,
-8.96,6.03,1.73,-8.96,6.03,1.73,-5.75,6.96,-4.32,-5.75,6.96,-4.32,-5.76,7.13,-4.33,-5.76,7.13,-4.33,
-11.35,2.07,-1.49,-11.35,2.07,-1.49,-6.41,4.78,-5.56,-6.41,4.78,-5.56,-6.16,4.82,-5.57,-6.16,4.82,-5.57,
-6.76,0.30,-1.17,-6.76,0.30,-1.17,-4.34,3.78,-6.48,-4.34,3.78,-6.48,-4.25,3.58,-6.76,-4.25,3.58,-6.76,
-8.28,-2.78,-0.93,-8.28,-2.78,-0.93,-5.49,3.18,-6.62,-5.49,3.18,-6.62,-5.21,2.57,-6.69,-5.21,2.57,-6.69,
-9.11,-3.24,-0.71,-9.11,-3.24,-0.71,-5.94,2.70,-6.25,-5.94,2.70,-6.25,-5.98,2.67,-6.44,-5.98,2.67,-6.44,
-9.56,-3.52,-1.40,-9.56,-3.52,-1.40,-6.28,2.95,-6.84,-6.28,2.95,-6.84,-6.22,2.99,-6.82,-6.22,2.99,-6.82,

-2.93,8.71,3.07,-2.93,8.71,3.07,-3.07,9.20,-0.25,-3.07,9.20,-0.25,-3.05,9.16,-0.35,-3.05,9.16,-0.35,
-2.89,8.70,3.02,-2.89,8.70,3.02,-3.13,9.13,-0.35,-3.13,9.13,-0.35,-3.14,9.17,-0.29,-3.14,9.17,-0.29,
-2.99,8.65,3.08,-2.99,8.65,3.08,-2.99,9.17,-0.44,-2.99,9.17,-0.44,-2.96,9.16,-0.32,-2.96,9.16,-0.32,
-3.04,8.77,3.21,-3.04,8.77,3.21,-3.03,9.23,-0.39,-3.03,9.23,-0.39,-3.05,9.23,-0.26,-3.05,9.23,-0.26,
-3.06,8.66,3.19,-3.06,8.66,3.19,-3.01,9.17,-0.23,-3.01,9.17,-0.23,-3.05,9.20,-0.30,-3.05,9.20,-0.30,
-2.98,8.69,3.24,-2.98,8.69,3.24,-3.06,9.18,-0.38,-3.06,9.18,-0.38,-3.04,9.18,-0.53,-3.04,9.18,-0.53,
-3.09,8.81,2.79,-3.09,8.81,2.79,-3.18,9.06,-0.46,-3.18,9.06,-0.46,-3.15,9.08,-0.47,-3.15,9.08,-0.47,
-3.44,8.57,2.89,-3.44,8.57,2.89,-3.14,8.91,-0.11,-3.14,8.91,-0.11,-3.19,8.95,-0.23,-3.19,8.95,-0.23,
-7.90,8.64,1.87,-7.90,8.64,1.87,-4.61,9.25,-0.08,-4.61,9.25,-0.08,-4.54,9.43,-0.25,-4.54,9.43,-0.25,
-8.69,9.83,-2.00,-8.69,9.83,-2.00,-6.81,8.60,-0.89,-6.81,8.60,-0.89,-6.74,8.85,-0.93,-6.74,8.85,-0.93,
-10.28,7.97,0.35,-10.28,7.97,0.35,-5.27,8.46,-2.05,-5.27,8.46,-2.05,-5.29,8.46,-2.22,-5.29,8.46,-2.22,
-9.07,4.71,0.57,-9.07,4.71,0.57,-5.59,6.35,-5.13,-5.59,6.35,-5.13,-5.70,6.32,-5.22,-5.70,6.32,-5.22,
-5.91,1.66,-1.83,-5.91,1.66,-1.83,-5.33,5.05,-5.04,-5.33,5.05,-5.04,-5.09,4.84,-5.11,-5.09,4.84,-5.11,
-7.88,-2.16,-0.38,-7.88,-2.16,-0.38,-5.17,3.74,-5.83,-5.17,3.74,-5.83,-5.08,3.88,-5.98,-5.08,3.88,-5.98,
-7.74,-3.17,-1.00,-7.74,-3.17,-1.00,-5.50,2.43,-6.37,-5.50,2.43,-6.37,-5.66,2.89,-6.80,-5.66,2.89,-6.80,
