-3.66,8.34,3.44,-3.66,8.34,3.44,-3.17,8.93,-2.04,-3.17,8.93,-2.04,-3.15,8.91,-2.11,-3.15,8.91,-2.11,
-3.67,8.24,3.75,-3.67,8.24,3.75,-3.20,8.92,-2.11,-3.20,8.92,-2.11,-3.24,8.91,-2.15,-3.24,8.91,-2.15,
-3.63,8.28,3.77,-3.63,8.28,3.77,-3.26,8.86,-2.05,-3.26,8.86,-2.05,-3.24,8.86,-2.08,-3.24,8.86,-2.08,
-3.65,8.42,3.68,-3.65,8.42,3.68,-3.25,8.92,-2.08,-3.25,8.92,-2.08,-3.29,8.89,-2.15,-3.29,8.89,-2.15,
-3.87,8.58,3.27,-3.87,8.58,3.27,-3.51,8.81,-1.71,-3.51,8.81,-1.71,-3.58,8.84,-1.68,-3.58,8.84,-1.68,
-5.67,10.41,2.26,-5.67,10.41,2.26,-4.19,9.04,-2.01,-4.19,9.04,-2.01,-4.27,9.02,-1.92,-4.27,9.02,-1.92,
-8.00,9.80,-2.31,-8.00,9.80,-2.31,-4.85,8.96,-1.24,-4.85,8.96,-1.24,-4.88,8.95,-1.20,-4.88,8.95,-1.20,
-7.50,7.32,-1.05,-7.50,7.32,-1.05,-4.98,8.70,-4.56,-4.98,8.70,-4.56,-4.77,8.82,-4.46,-4.77,8.82,-4.46,
-5.83,8.04,-2.18,-5.83,8.04,-2.18,-6.44,7.78,-4.96,-6.44,7.78,-4.96,-6.50,7.51,-5.27,-6.50,7.51,-5.27,
-6.49,4.94,-4.12,-6.49,4.94,-4.12,-5.45,6.12,-5.15,-5.45,6.12,-5.15,-5.24,5.99,-5.02,-5.24,5.99,-5.02,
-5.32,2.58,-5.36,-5.32,2.58,-5.36,-4.65,4.00,-3.15,-4.65,4.00,-3.15,-5.08,3.93,-2.95,-5.08,3.93,-2.95,
-6.94,9.29,-2.24,-6.94,9.29,-2.24,-4.71,4.96,-6.93,-4.71,4.96,-6.93,-4.59,4.96,-6.21,-4.59,4.96,-6.21,
-4.82,5.46,-2.39,-4.82,5.46,-2.39,-4.02,3.41,-5.06,-4.02,3.41,-5.06,-3.89,3.47,-4.90,-3.89,3.47,-4.90,
-6.24,5.82,-5.97,-6.24,5.82,-5.97,-6.11,2.35,-6.67,-6.11,2.35,-6.67,-6.49,2.61,-6.61,-6.49,2.61,-6.61,
-5.46,5.62,-6.28,-5.46,5.62,-6.28,-5.83,3.41,-6.68,-5.83,3.41,-6.68,-5.89,3.36,-6.45,-5.89,3.36,-6.45,
-4.97,6.85,-5.13,-4.97,6.85,-5.13,-6.24,3.20,-6.49,-6.24,3.20,-6.49,-6.15,3.22,-6.56,-6.15,3.22,-6.56,
-5.06,6.47,-4.56,-5.06,6.47,-4.56,-5.36,3.54,-6.45,-5.36,3.54,-6.45,-5.39,3.43,-6.43,-5.39,3.43,-6.43,
-5.45,6.91,-3.39,-5.45,6.91,-3.39,-5.65,3.44,-6.21,-5.65,3.44,-6.21,-5.59,3.48,-6.20,-5.59,3.48,-6.20,
-5.16,8.44,-2.52,-5.16,8.44,-2.52,-4.73,3.75,-7.44,-4.73,3.75,-7.44,-4.80,3.74,-7.55,-4.80,3.74,-7.55,
-6.08,5.66,0.12,-6.08,5.66,0.12,-3.61,4.00,-3.98,-3.61,4.00,-3.98,-3.63,4.12,-3.92,-3.63,4.12,-3.92,
-5.75,4.96,1.39,-5.75,4.96,1.39,-2.23,7.38,-1.80,-2.23,7.38,-1.80,-2.31,7.73,-1.78,-2.31,7.73,-1.78,

-3.65,8.77,3.37,-3.65,8.77,3.37,-2.51,9.22,-2.22,-2.51,9.22,-2.22,-2.58,9.24,-2.14,-2.58,9.24,-2.14,
-3.14,8.31,3.44,-3.14,8.31,3.44,-2.27,8.91,-2.34,-2.27,8.91,-2.34,-2.18,8.90,-2.51,-2.18,8.90,-2.51,
-3.05,8.34,4.79,-3.05,8.34,4.79,-1.79,9.60,-2.79,-1.79,9.60,-2.79,-1.78,9.80,-2.87,-1.78,9.80,-2.87,
-2.67,7.63,3.87,-2.67,7.63,3.87,-1.52,8.73,-2.36,-1.52,8.73,-2.36,-1.55,8.67,-2.32,-1.55,8.67,-2.32,
-4.78,10.81,2.00,-4.78,10.81,2.00,-1.85,10.00,-3.04,-1.85,10.00,-3.04,-1.89,9.95,-3.08,-1.89,9.95,-3.08,
-8.35,10.60,-2.89,-8.35,10.60,-2.89,-8.80,7.80,-0.59,-8.80,7.80,-0.59,-8.67,7.91,-0.76,-8.67,7.91,-0.76,
-8.69,7.55,0.23,-8.69,7.55,0.23,-5.27,10.42,-2.29,-5.27,10.42,-2.29,-5.22,10.19,-2.31,-5.22,10.19,-2.31,
-3.77,8.61,1.82,-3.77,8.61,1.82,-4.69,7.99,-3.85,-4.69,7.99,-3.85,-4.98,7.58,-3.79,-4.98,7.58,-3.79,
-1.78,5.99,-2.72,-1.78,5.99,-2.72,-3.98,3.66,-3.46,-3.98,3.66,-3.46,-3.94,3.66,-3.44,-3.94,3.66,-3.44,
-3.50,9.03,-2.68,-3.50,9.03,-2.68,-5.33,4.55,-5.77,-5.33,4.55,-5.77,-5.42,4.48,-5.81,-5.42,4.48,-5.81,
-4.55,8.33,-3.26,-4.55,8.33,-3.26,-6.80,5.15,-5.11,-6.80,5.15,-5.11,-6.51,5.07,-5.06,-6.51,5.07,-5.06,
-4.65,8.02,-4.19,-4.65,8.02,-4.19,-6.24,4.88,-6.08,-6.24,4.88,-6.08,-6.19,4.87,-5.88,-6.19,4.87,-5.88,
-4.39,7.05,-5.02,-4.39,7.05,-5.02,-6.00,4.26,-5.62,-6.00,4.26,-5.62,-5.99,4.26,-5.54,-5.99,4.26,-5.54,
-4.27,7.60,-4.70,-4.27,7.60,-4.70,-6.51,4.40,-5.44,-6.51,4.40,-5.44,-6.56,4.43,-5.41,-6.56,4.43,-5.41,
-4.58,8.05,-3.07,-4.58,8.05,-3.07,-5.80,4.54,-5.72,-5.80,4.54,-5.72,-5.81,4.73,-5.56,-5.81,4.73,-5.56,
-5.16,5.45,-0.75,-5.16,5.45,-0.75,-3.73,4.52,-3.90,-3.73,4.52,-3.90,-3.51,4.69,-3.79,-3.51,4.69,-3.79,
-4.98,9.25,0.54,-4.98,9.25,0.54,-3.53,6.47,-3.64,-3.53,6.47,-3.64,-3.40,6.96,-3.84,-3.40,6.96,-3.84,
-7.77,7.03,1.07,-7.77,7.03,1.07,-4.40,11.24,-0.70,-4.40,11.24,-0.70,-4.39,11.15,-0.37,-4.39,11.15,-0.37,
-5.60,8.80,1.69,-5.60,8.80,1.69,-3.48,12.31,2.68,-3.48,12.31,2.68,-3.60,12.16,2.67,-3.60,12.16,2.67,
-8.54,10.55,3.36,-8.54,10.55,3.36,-5.49,9.79,-0.21,-5.49,9.79,-0.21,-5.24,9.76,0.40,-5.24,9.76,0.40,
-2.99,6.72,5.68,-2.99,6.72,5.68,-1.47,8.34,-3.23,-1.47,8.34,-3.23,-1.76,8.25,-2.58,-1.76,8.25,-2.58,
-4.11,7.70,4.64,-4.11,7.70,4.64,-2.78,8.28,-2.00,-2.78,8.28,-2.00,-2.90,8.31,-1.92,-2.90,8.31,-1.92,

-2.95,8.17,4.73,-2.95,8.17,4.73,-2.71,9.26,-1.25,-2.71,9.26,-1.25,-2.73,9.25,-1.14,-2.73,9.25,-1.14,
-2.81,8.02,4.54,-2.81,8.02,4.54,-2.75,9.18,-1.28,-2.75,9.18,-1.28,-2.80,9.22,-1.22,-2.80,9.22,-1.22,
-2.64,7.73,4.65,-2.64,7.73,4.65,-2.52,8.92,-1.37,-2.52,8.92,-1.37,-2.53,8.97,-1.43,-2.53,8.97,-1.43,
-3.24,8.93,4.02,-3.24,8.93,4.02,-4.45,9.41,-1.29,-4.45,9.41,-1.29,-4.52,9.33,-1.28,-4.52,9.33,-1.28,
-7.53,9.43,-2.54,-7.53,9.43,-2.54,-7.36,9.07,-1.05,-7.36,9.07,-1.05,-7.55,9.19,-0.83,-7.55,9.19,-0.83,
-8.13,9.45,-1.10,-8.13,9.45,-1.10,-7.13,8.79,-4.66,-7.13,8.79,-4.66,-7.03,8.71,-4.63,-7.03,8.71,-4.63,
-6.67,10.42,-0.21,-6.67,10.42,-0.21,-7.66,6.05,-3.42,-7.66,6.05,-3.42,-7.88,5.74,-3.94,-7.88,5.74,-3.94,
-3.73,7.85,-1.37,-3.73,7.85,-1.37,-7.59,4.66,-3.60,-7.59,4.66,-3.60,-7.49,4.76,-3.50,-7.49,4.76,-3.50,
-2.60,2.65,-4.03,-2.60,2.65,-4.03,-2.41,2.63,-4.77,-2.41,2.63,-4.77,-2.52,2.19,-4.86,-2.52,2.19,-4.86,
-3.19,5.36,-5.12,-3.19,5.36,-5.12,-4.95,1.12,-6.16,-4.95,1.12,-6.16,-5.01,1.00,-6.13,-5.01,1.00,-6.13,
-4.87,7.31,-2.96,-4.87,7.31,-2.96,-6.26,1.27,-6.65,-6.26,1.27,-6.65,-6.23,1.35,-6.61,-6.23,1.35,-6.61,
-6.19,7.50,-3.76,-6.19,7.50,-3.76,-6.37,1.33,-7.43,-6.37,1.33,-7.43,-6.37,1.30,-7.50,-6.37,1.30,-7.50,
-5.76,6.86,-4.22,-5.76,6.86,-4.22,-6.55,1.56,-7.01,-6.55,1.56,-7.01,-6.66,1.60,-6.75,-6.66,1.60,-6.75,
-4.93,7.10,-4.45,-4.93,7.10,-4.45,-6.41,2.52,-6.66,-6.41,2.52,-6.66,-6.30,2.51,-6.52,-6.30,2.51,-6.52,
-4.27,7.90,-4.12,-4.27,7.90,-4.12,-6.26,3.00,-6.32,-6.26,3.00,-6.32,-6.11,2.99,-6.15,-6.11,2.99,-6.15,
-2.92,7.31,-0.23,-2.92,7.31,-0.23,-3.73,4.59,-4.03,-3.73,4.59,-4.03,-3.94,4.32,-3.93,-3.94,4.32,-3.93,
-2.20,10.18,-0.85,-2.20,10.18,-0.85,-4.77,8.79,-3.15,-4.77,8.79,-3.15,-4.99,8.41,-3.69,-4.99,8.41,-3.69,

-3.14,8.19,3.96,-3.14,8.19,3.96,-2.94,8.86,-1.20,-2.94,8.86,-1.20,-3.02,8.74,-1.04,-3.02,8.74,-1.04,
-2.06,9.01,3.46,-2.06,9.01,3.46,-3.85,8.74,-1.52,-3.85,8.74,-1.52,-3.87,8.73,-1.56,-3.87,8.73,-1.56,
-2.21,8.73,3.47,-2.21,8.73,3.47,-4.25,8.46,-1.45,-4.25,8.46,-1.45,-4.18,8.50,-1.37,-4.18,8.50,-1.37,
-1.74,8.83,3.09,-1.74,8.83,3.09,-3.08,8.25,-1.81,-3.08,8.25,-1.81,-3.17,8.30,-1.75,-3.17,8.30,-1.75,
-0.88,10.62,4.03,-0.88,10.62,4.03,-1.49,10.97,-3.42,-1.49,10.97,-3.42,-1.46,10.88,-3.36,-1.46,10.88,-3.36,
-0.25,7.67,4.16,-0.25,7.67,4.16,-1.86,8.05,-1.51,-1.86,8.05,-1.51,-1.75,8.06,-1.49,-1.75,8.06,-1.49,
-0.54,8.70,3.96,-0.54,8.70,3.96,-1.48,9.25,-3.26,-1.48,9.25,-3.26,-1.64,9.20,-3.29,-1.64,9.20,-3.29,
-1.92,11.41,1.50,-1.92,11.41,1.50,-4.17,9.60,-2.71,-4.17,9.60,-2.71,-4.16,9.54,-2.67,-4.16,9.54,-2.67,
-4.09,11.68,-0.03,-4.09,11.68,-0.03,-5.92,9.28,-2.87,-5.92,9.28,-2.87,-5.85,9.26,-2.95,-5.85,9.26,-2.95,
-3.82,10.99,-0.06,-3.82,10.99,-0.06,-5.82,9.39,-2.82,-5.82,9.39,-2.82,-5.85,9.35,-2.72,-5.85,9.35,-2.72,
-4.65,9.53,-1.65,-4.65,9.53,-1.65,-5.38,7.91,-5.80,-5.38,7.91,-5.80,-5.40,7.81,-5.84,-5.40,7.81,-5.84,
-3.38,10.10,-0.46,-3.38,10.10,-0.46,-5.62,5.16,-5.33,-5.62,5.16,-5.33,-5.59,5.21,-5.40,-5.59,5.21,-5.40,
-3.30,6.31,0.35,-3.30,6.31,0.35,-7.04,2.55,-5.31,-7.04,2.55,-5.31,-6.82,2.63,-5.58,-6.82,2.63,-5.58,
-4.46,7.40,-3.19,-4.46,7.40,-3.19,-4.68,1.00,-6.18,-4.68,1.00,-6.18,-4.81,1.24,-6.27,-4.81,1.24,-6.27,
-5.26,6.09,-2.58,-5.26,6.09,-2.58,-7.32,1.89,-4.72,-7.32,1.89,-4.72,-7.42,1.82,-4.77,-7.42,1.82,-4.77,
-5.96,8.32,-2.17,-5.96,8.32,-2.17,-8.05,2.18,-5.59,-8.05,2.18,-5.59,-8.18,2.11,-5.66,-8.18,2.11,-5.66,
-5.30,9.06,-1.34,-5.30,9.06,-1.34,-7.83,3.04,-5.98,-7.83,3.04,-5.98,-7.84,3.04,-5.99,-7.84,3.04,-5.99,
-4.67,8.99,-1.81,-4.67,8.99,-1.81,-7.70,2.80,-5.97,-7.70,2.80,-5.97,-7.78,2.82,-5.82,-7.78,2.82,-5.82,
-4.49,7.23,-1.29,-4.49,7.23,-1.29,-6.77,2.81,-4.72,-6.77,2.81,-4.72,-6.72,2.83,-4.69,-6.72,2.83,-4.69,
-3.51,4.62,0.05,-3.51,4.62,0.05,-5.61,3.14,-2.12,-5.61,3.14,-2.12,-5.66,3.13,-2.10,-5.66,3.13,-2.10,
-4.72,9.36,0.42,-4.72,9.36,0.42,-7.34,7.59,-4.06,-7.34,7.59,-4.06,-7.20,7.53,-3.82,-7.20,7.53,-3.82,
-5.36,10.59,0.30,-5.36,10.59,0.30,-7.75,7.49,-4.02,-7.75,7.49,-4.02,-7.93,7.37,-3.99,-7.93,7.37,-3.99,

-1.89,8.49,3.35,-1.89,8.49,3.35,-3.34,8.13,-1.69,-3.34,8.13,-1.69,-3.30,7.98,-1.89,-3.30,7.98,-1.89,
-1.43,10.08,3.42,-1.43,10.08,3.42,-2.84,9.79,-2.71,-2.84,9.79,-2.71,-2.69,9.59,-2.71,-2.69,9.59,-2.71,
-0.81,10.67,2.67,-0.81,10.67,2.67,-4.00,8.68,-3.76,-4.00,8.68,-3.76,-4.04,8.69,-3.95,-4.04,8.69,-3.95,
-1.19,9.32,1.26,-1.19,9.32,1.26,-2.57,9.15,-3.72,-2.57,9.15,-3.72,-2.52,9.29,-3.76,-2.52,9.29,-3.76,
-0.36,9.57,2.11,-0.36,9.57,2.11,-1.76,8.72,-4.21,-1.76,8.72,-4.21,-1.88,8.76,-4.22,-1.88,8.76,-4.22,
-0.71,9.49,2.39,-0.71,9.49,2.39,-2.14,8.80,-4.04,-2.14,8.80,-4.04,-2.06,8.80,-4.07,-2.06,8.80,-4.07,
-1.13,11.07,2.20,-1.13,11.07,2.20,-3.06,9.23,-3.78,-3.06,9.23,-3.78,-3.02,9.26,-3.74,-3.02,9.26,-3.74,
-1.75,9.11,2.35,-1.75,9.11,2.35,-4.03,9.63,-2.80,-4.03,9.63,-2.80,-3.96,9.62,-2.85,-3.96,9.62,-2.85,
-1.13,10.45,2.85,-1.13,10.45,2.85,-5.10,9.47,-2.64,-5.10,9.47,-2.64,-5.20,9.59,-2.68,-5.20,9.59,-2.68,
-6.33,10.89,0.12,-6.33,10.89,0.12,-7.90,7.59,-2.86,-7.90,7.59,-2.86,-7.84,7.67,-2.81,-7.84,7.67,-2.81,
-4.91,8.14,0.40,-4.91,8.14,0.40,-5.99,7.04,-7.05,-5.99,7.04,-7.05,-5.80,6.85,-6.82,-5.80,6.85,-6.82,
-3.22,6.43,-0.11,-3.22,6.43,-0.11,-4.26,5.98,-3.78,-4.26,5.98,-3.78,-4.27,5.93,-3.53,-4.27,5.93,-3.53,
-2.62,7.33,-1.21,-2.62,7.33,-1.21,-4.55,1.93,-6.06,-4.55,1.93,-6.06,-4.44,1.90,-6.14,-4.44,1.90,-6.14,
-5.14,8.00,-1.61,-5.14,8.00,-1.61,-7.33,1.41,-6.93,-7.33,1.41,-6.93,-7.07,1.45,-6.83,-7.07,1.45,-6.83,
-6.40,6.31,-1.96,-6.40,6.31,-1.96,-4.89,1.01,-6.95,-4.89,1.01,-6.95,-5.00,1.01,-7.03,-5.00,1.01,-7.03,
-5.51,7.72,-0.30,-5.51,7.72,-0.30,-4.40,1.92,-7.31,-4.40,1.92,-7.31,-4.77,1.77,-7.10,-4.77,1.77,-7.10,
-6.28,7.58,-0.07,-6.28,7.58,-0.07,-6.01,3.61,-7.10,-6.01,3.61,-7.10,-5.99,3.63,-7.15,-5.99,3.63,-7.15,
-4.44,7.46,1.17,-4.44,7.46,1.17,-4.14,3.17,-6.42,-4.14,3.17,-6.42,-4.16,3.19,-6.46,-4.16,3.19,-6.46,
-5.47,8.21,0.02,-5.47,8.21,0.02,-5.32,3.13,-7.37,-5.32,3.13,-7.37,-5.21,3.05,-7.41,-5.21,3.05,-7.41,
-5.11,8.35,0.34,-5.11,8.35,0.34,-5.61,3.86,-7.32,-5.61,3.86,-7.32,-5.59,3.88,-7.27,-5.59,3.88,-7.27,
-1.82,3.86,-0.14,-1.82,3.86,-0.14,-2.54,3.59,-3.81,-2.54,3.59,-3.81,-2.33,3.74,-3.82,-2.33,3.74,-3.82,
-2.79,5.93,4.05,-2.79,5.93,4.05,-3.09,11.63,-3.68,-3.09,11.63,-3.68,-2.77,11.34,-3.82,-2.77,11.34,-3.82,
-5.02,10.03,3.23,-5.02,10.03,3.23,-5.01,13.29,-2.42,-5.01,13.29,-2.42,-5.41,12.94,-1.35,-5.41,12.94,-1.35,

-0.73,11.41,4.68,-0.73,11.41,4.68,-3.19,11.49,-2.86,-3.19,11.49,-2.86,-3.16,11.41,-2.65,-3.16,11.41,-2.65,
-0.87,8.22,3.80,-0.87,8.22,3.80,-3.55,6.66,-1.94,-3.55,6.66,-1.94,-3.44,6.65,-1.76,-3.44,6.65,-1.76,
-1.41,8.57,3.29,-1.41,8.57,3.29,-3.66,9.80,-3.26,-3.66,9.80,-3.26,-3.64,9.71,-3.32,-3.64,9.71,-3.32,
-1.87,8.17,3.24,-1.87,8.17,3.24,-3.78,7.95,-1.52,-3.78,7.95,-1.52,-3.67,7.90,-1.66,-3.67,7.90,-1.66,
-3.02,9.80,3.92,-3.02,9.80,3.92,-4.14,8.86,-2.45,-4.14,8.86,-2.45,-4.15,8.67,-2.61,-4.15,8.67,-2.61,
-8.07,10.18,-1.99,-8.07,10.18,-1.99,-5.73,8.54,-3.05,-5.73,8.54,-3.05,-5.83,8.53,-3.13,-5.83,8.53,-3.13,
-5.37,9.76,-0.84,-5.37,9.76,-0.84,-5.82,10.38,-3.05,-5.82,10.38,-3.05,-5.62,10.23,-3.31,-5.62,10.23,-3.31,
-4.11,7.06,1.07,-4.11,7.06,1.07,-3.40,9.31,-1.07,-3.40,9.31,-1.07,-3.14,9.17,-1.21,-3.14,9.17,-1.21,
-2.68,9.88,-1.47,-2.68,9.88,-1.47,-5.74,5.11,-5.99,-5.74,5.11,-5.99,-5.88,5.13,-6.16,-5.88,5.13,-6.16,
-4.83,7.49,-0.57,-4.83,7.49,-0.57,-5.42,4.82,-5.73,-5.42,4.82,-5.73,-5.34,4.88,-5.42,-5.34,4.88,-5.42,
-1.85,7.68,-1.67,-1.85,7.68,-1.67,-5.06,3.12,-5.04,-5.06,3.12,-5.04,-5.18,3.07,-4.81,-5.18,3.07,-4.81,
-3.04,7.19,-1.81,-3.04,7.19,-1.81,-5.83,3.12,-5.79,-5.83,3.12,-5.79,-5.94,3.20,-5.61,-5.94,3.20,-5.61,
-3.56,9.14,-2.51,-3.56,9.14,-2.51,-6.15,3.84,-6.76,-6.15,3.84,-6.76,-6.19,3.79,-6.75,-6.19,3.79,-6.75,
-3.83,9.17,-1.57,-3.83,9.17,-1.57,-6.10,3.78,-6.23,-6.10,3.78,-6.23,-6.11,3.70,-6.29,-6.11,3.70,-6.29,
-3.56,8.12,-1.78,-3.56,8.12,-1.78,-6.15,3.07,-5.55,-6.15,3.07,-5.55,-5.94,3.04,-5.51,-5.94,3.04,-5.51,
-3.06,6.92,-0.24,-3.06,6.92,-0.24,-4.78,2.56,-4.47,-4.78,2.56,-4.47,-4.90,2.44,-4.54,-4.90,2.44,-4.54,
-3.07,8.52,-3.22,-3.07,8.52,-3.22,-4.53,5.76,-4.51,-4.53,5.76,-4.51,-5.02,5.93,-4.38,-5.02,5.93,-4.38,
-7.57,11.03,2.12,-7.57,11.03,2.12,-6.92,8.59,-2.23,-6.92,8.59,-2.23,-6.62,8.79,-1.96,-6.62,8.79,-1.96,
-5.15,11.20,5.43,-5.15,11.20,5.43,-7.31,11.06,2.12,-7.31,11.06,2.12,-7.31,10.75,1.78,-7.31,10.75,1.78,

-5.76,7.16,2.17,-5.76,7.16,2.17,-3.68,8.15,-3.75,-3.68,8.15,-3.75,-3.69,8.20,-3.71,-3.69,8.20,-3.71,
-4.24,7.87,1.68,-4.24,7.87,1.68,-3.74,8.20,-3.41,-3.74,8.20,-3.41,-3.68,8.03,-3.58,-3.68,8.03,-3.58,
-4.16,8.64,1.51,-4.16,8.64,1.51,-4.15,7.58,-3.06,-4.15,7.58,-3.06,-4.08,7.80,-3.11,-4.08,7.80,-3.11,
-5.99,11.48,-1.97,-5.99,11.48,-1.97,-4.73,8.90,-2.42,-4.73,8.90,-2.42,-4.59,8.73,-2.56,-4.59,8.73,-2.56,
-7.16,13.02,1.17,-7.16,13.02,1.17,-7.42,7.64,-3.97,-7.42,7.64,-3.97,-7.44,7.52,-3.97,-7.44,7.52,-3.97,
-8.26,9.70,1.94,-8.26,9.70,1.94,-6.48,8.64,-2.73,-6.48,8.64,-2.73,-6.60,8.69,-2.61,-6.60,8.69,-2.61,
-4.43,8.38,-1.29,-4.43,8.38,-1.29,-9.20,5.33,-6.69,-9.20,5.33,-6.69,-9.15,5.20,-6.59,-9.15,5.20,-6.59,
-2.18,6.30,-0.70,-2.18,6.30,-0.70,-2.65,4.01,-4.26,-2.65,4.01,-4.26,-2.49,4.11,-4.07,-2.49,4.11,-4.07,
-1.62,5.04,-2.78,-1.62,5.04,-2.78,-3.38,2.06,-5.74,-3.38,2.06,-5.74,-3.36,2.17,-5.73,-3.36,2.17,-5.73,
-2.19,8.32,-4.43,-2.19,8.32,-4.43,-7.32,2.89,-5.94,-7.32,2.89,-5.94,-7.22,2.99,-6.06,-7.22,2.99,-6.06,
-4.16,8.91,-4.64,-4.16,8.91,-4.64,-7.98,3.05,-7.05,-7.98,3.05,-7.05,-7.78,3.10,-7.13,-7.78,3.10,-7.13,
-3.72,8.12,-3.52,-3.72,8.12,-3.52,-6.75,4.01,-5.37,-6.75,4.01,-5.37,-6.61,4.05,-5.27,-6.61,4.05,-5.27,
-4.30,8.41,-3.74,-4.30,8.41,-3.74,-7.38,4.02,-5.38,-7.38,4.02,-5.38,-7.34,3.97,-5.40,-7.34,3.97,-5.40,
-4.07,7.29,-3.82,-4.07,7.29,-3.82,-6.55,4.14,-4.90,-6.55,4.14,-4.90,-6.45,4.21,-4.86,-6.45,4.21,-4.86,
-4.37,5.81,-1.19,-4.37,5.81,-1.19,-4.94,4.11,-3.32,-4.94,4.11,-3.32,-4.80,4.16,-3.20,-4.80,4.16,-3.20,
-3.77,5.63,-2.03,-3.77,5.63,-2.03,-4.64,6.98,-3.30,-4.64,6.98,-3.30,-4.43,7.19,-3.47,-4.43,7.19,-3.47,
-4.77,10.94,3.09,-4.77,10.94,3.09,-5.20,9.70,-1.36,-5.20,9.70,-1.36,-5.32,10.42,-1.39,-5.32,10.42,-1.39,
-9.21,8.98,4.65,-9.21,8.98,4.65,-4.61,10.07,0.96,-4.61,10.07,0.96,-4.70,10.04,0.89,-4.70,10.04,0.89,
-8.31,9.81,3.96,-8.31,9.81,3.96,-3.89,9.41,-2.51,-3.89,9.41,-2.51,-3.65,9.71,-2.55,-3.65,9.71,-2.55,

-0.49,9.73,3.27,-0.49,9.73,3.27,-3.08,9.35,-2.34,-3.08,9.35,-2.34,-3.11,9.31,-2.18,-3.11,9.31,-2.18,
-2.72,8.95,3.79,-2.72,8.95,3.79,-3.46,8.86,-2.22,-3.46,8.86,-2.22,-3.52,8.82,-2.22,-3.52,8.82,-2.22,
-3.74,9.64,1.49,-3.74,9.64,1.49,-4.17,9.23,-1.42,-4.17,9.23,-1.42,-4.43,9.24,-1.29,-4.43,9.24,-1.29,
-2.68,11.95,1.17,-2.68,11.95,1.17,-6.34,9.14,-1.45,-6.34,9.14,-1.45,-6.60,8.94,-1.37,-6.60,8.94,-1.37,
-9.33,8.09,-0.74,-9.33,8.09,-0.74,-6.29,8.40,-1.82,-6.29,8.40,-1.82,-6.16,8.51,-2.05,-6.16,8.51,-2.05,
-5.79,6.14,-1.49,-5.79,6.14,-1.49,-6.36,8.57,-7.14,-6.36,8.57,-7.14,-5.77,8.81,-7.56,-5.77,8.81,-7.56,
-0.75,5.20,-2.18,-0.75,5.20,-2.18,-3.70,4.73,-2.96,-3.70,4.73,-2.96,-3.42,4.66,-2.90,-3.42,4.66,-2.90,
-1.88,7.86,-2.00,-1.88,7.86,-2.00,-4.17,2.73,-5.84,-4.17,2.73,-5.84,-4.22,2.87,-6.25,-4.22,2.87,-6.25,
-4.69,7.76,-4.42,-4.69,7.76,-4.42,-6.44,3.26,-7.03,-6.44,3.26,-7.03,-6.50,3.35,-7.05,-6.50,3.35,-7.05,
-4.18,7.09,-4.97,-4.18,7.09,-4.97,-6.46,2.55,-4.88,-6.46,2.55,-4.88,-6.46,2.86,-5.07,-6.46,2.86,-5.07,
-3.52,5.73,-5.80,-3.52,5.73,-5.80,-6.20,3.24,-4.73,-6.20,3.24,-4.73,-6.00,3.17,-4.87,-6.00,3.17,-4.87,
-3.34,7.16,-5.49,-3.34,7.16,-5.49,-6.41,2.76,-6.18,-6.41,2.76,-6.18,-6.29,2.71,-6.22,-6.29,2.71,-6.22,
-4.72,6.49,-3.85,-4.72,6.49,-3.85,-5.92,2.62,-5.87,-5.92,2.62,-5.87,-5.86,2.64,-5.86,-5.86,2.64,-5.86,
-6.88,5.16,-0.84,-6.88,5.16,-0.84,-4.51,2.40,-4.86,-4.51,2.40,-4.86,-4.15,2.53,-4.72,-4.15,2.53,-4.72,
-4.27,9.12,-3.54,-4.27,9.12,-3.54,-5.95,4.63,-9.29,-5.95,4.63,-9.29,-6.20,4.71,-9.33,-6.20,4.71,-9.33,
-4.46,8.08,-0.43,-4.46,8.08,-0.43,-7.02,8.88,-2.63,-7.02,8.88,-2.63,-6.84,8.93,-2.80,-6.84,8.93,-2.80,
-6.66,10.05,-0.07,-6.66,10.05,-0.07,-4.80,9.33,-4.46,-4.80,9.33,-4.46,-4.81,9.37,-4.51,-4.81,9.37,-4.51,
-4.28,11.86,-0.05,-4.28,11.86,-0.05,-2.72,10.81,-3.03,-2.72,10.81,-3.03,-2.48,10.90,-3.18,-2.48,10.90,-3.18,

-0.66,8.71,3.10,-0.66,8.71,3.10,-3.13,8.58,-2.11,-3.13,8.58,-2.11,-3.19,8.44,-2.15,-3.19,8.44,-2.15,
-0.65,9.00,3.85,-0.65,9.00,3.85,-3.10,8.57,-2.90,-3.10,8.57,-2.90,-3.11,8.60,-2.67,-3.11,8.60,-2.67,
-0.78,9.49,3.32,-0.78,9.49,3.32,-2.84,9.34,-2.49,-2.84,9.34,-2.49,-2.82,9.34,-2.53,-2.82,9.34,-2.53,
-1.47,9.60,2.92,-1.47,9.60,2.92,-3.23,8.90,-2.94,-3.23,8.90,-2.94,-3.15,8.93,-2.94,-3.15,8.93,-2.94,
-1.80,10.84,2.37,-1.80,10.84,2.37,-3.82,9.19,-3.19,-3.82,9.19,-3.19,-3.95,9.29,-3.11,-3.95,9.29,-3.11,
-4.48,11.94,-0.70,-4.48,11.94,-0.70,-4.55,9.53,-3.46,-4.55,9.53,-3.46,-4.52,9.56,-3.51,-4.52,9.56,-3.51,
-6.65,10.00,-0.82,-6.65,10.00,-0.82,-5.56,9.20,-3.64,-5.56,9.20,-3.64,-5.57,9.64,-3.15,-5.57,9.64,-3.15,
-2.99,11.36,0.59,-2.99,11.36,0.59,-5.70,9.00,-7.75,-5.70,9.00,-7.75,-5.56,8.55,-7.23,-5.56,8.55,-7.23,
-6.96,9.49,-2.73,-6.96,9.49,-2.73,-4.12,4.36,-7.60,-4.12,4.36,-7.60,-3.74,4.17,-7.35,-3.74,4.17,-7.35,
-1.98,5.07,-4.68,-1.98,5.07,-4.68,-5.95,1.77,-6.61,-5.95,1.77,-6.61,-6.03,2.37,-6.55,-6.03,2.37,-6.55,
-1.83,5.04,-2.91,-1.83,5.04,-2.91,-3.05,1.83,-5.66,-3.05,1.83,-5.66,-3.29,1.71,-5.84,-3.29,1.71,-5.84,
-4.48,7.84,-5.12,-4.48,7.84,-5.12,-5.62,0.80,-8.31,-5.62,0.80,-8.31,-5.48,0.85,-8.16,-5.48,0.85,-8.16,
-4.59,6.34,-5.70,-4.59,6.34,-5.70,-4.57,1.78,-7.75,-4.57,1.78,-7.75,-4.59,1.76,-7.68,-4.59,1.76,-7.68,
-4.58,6.89,-5.11,-4.58,6.89,-5.11,-5.09,1.90,-8.13,-5.09,1.90,-8.13,-5.21,1.94,-7.95,-5.21,1.94,-7.95,
-4.59,7.25,-5.35,-4.59,7.25,-5.35,-6.00,2.41,-7.63,-6.00,2.41,-7.63,-5.94,2.42,-7.69,-5.94,2.42,-7.69,
-4.03,5.77,-4.02,-4.03,5.77,-4.02,-4.34,2.34,-6.23,-4.34,2.34,-6.23,-4.42,2.37,-6.18,-4.42,2.37,-6.18,
-1.17,4.64,-1.72,-1.17,4.64,-1.72,-2.84,2.73,-5.18,-2.84,2.73,-5.18,-3.05,2.73,-4.80,-3.05,2.73,-4.80,
-1.84,9.91,0.30,-1.84,9.91,0.30,-4.39,7.64,-2.75,-4.39,7.64,-2.75,-4.48,7.91,-2.72,-4.48,7.91,-2.72,
-1.66,10.01,0.30,-1.66,10.01,0.30,-3.40,11.68,-2.45,-3.40,11.68,-2.45,-3.50,11.84,-2.25,-3.50,11.84,-2.25,
-8.59,13.60,1.68,-8.59,13.60,1.68,-4.95,10.62,-0.87,-4.95,10.62,-0.87,-5.56,10.58,-1.51,-5.56,10.58,-1.51,
3.78,10.99,-0.22,3.78,10.99,-0.22,-4.65,8.83,-2.43,-4.65,8.83,-2.43,-4.65,8.92,-2.09,-4.65,8.92,-2.09,

0.81,8.03,3.67,0.81,8.03,3.67,-0.74,9.39,-2.30,-0.74,9.39,-2.30,-0.78,9.38,-2.23,-0.78,9.38,-2.23,
0.41,9.33,3.93,0.41,9.33,3.93,-2.70,8.95,-3.38,-2.70,8.95,-3.38,-2.68,8.91,-3.55,-2.68,8.91,-3.55,
-0.94,9.53,2.72,-0.94,9.53,2.72,-3.62,8.49,-2.59,-3.62,8.49,-2.59,-3.80,8.43,-2.67,-3.80,8.43,-2.67,
-0.86,10.93,3.73,-0.86,10.93,3.73,-3.77,9.46,-3.78,-3.77,9.46,-3.78,-3.96,9.55,-3.90,-3.96,9.55,-3.90,
-2.82,11.94,-1.97,-2.82,11.94,-1.97,-6.24,8.43,-4.33,-6.24,8.43,-4.33,-6.03,8.59,-4.57,-6.03,8.59,-4.57,
-6.36,8.25,-1.95,-6.36,8.25,-1.95,-6.62,9.38,-5.21,-6.62,9.38,-5.21,-6.36,9.48,-5.25,-6.36,9.48,-5.25,
-4.24,9.36,-0.39,-4.24,9.36,-0.39,-7.28,6.82,-5.52,-7.28,6.82,-5.52,-7.29,6.77,-5.55,-7.29,6.77,-5.55,
-7.63,8.31,-2.25,-7.63,8.31,-2.25,-6.68,5.99,-7.49,-6.68,5.99,-7.49,-6.67,6.06,-7.76,-6.67,6.06,-7.76,
-1.71,3.16,-0.51,-1.71,3.16,-0.51,-1.11,3.13,-4.63,-1.11,3.13,-4.63,-1.03,1.98,-4.64,-1.03,1.98,-4.64,
-2.01,5.80,-2.49,-2.01,5.80,-2.49,-2.65,1.07,-6.55,-2.65,1.07,-6.55,-2.79,1.24,-6.60,-2.79,1.24,-6.60,
-3.12,8.96,-4.89,-3.12,8.96,-4.89,-5.78,2.65,-8.64,-5.78,2.65,-8.64,-5.71,2.73,-8.60,-5.71,2.73,-8.60,
-3.97,8.27,-4.75,-3.97,8.27,-4.75,-5.34,2.74,-8.03,-5.34,2.74,-8.03,-5.23,2.74,-8.00,-5.23,2.74,-8.00,
-3.62,7.44,-4.51,-3.62,7.44,-4.51,-5.50,2.75,-7.15,-5.50,2.75,-7.15,-5.46,2.67,-7.16,-5.46,2.67,-7.16,
-3.22,8.37,-5.78,-3.22,8.37,-5.78,-5.51,3.22,-7.97,-5.51,3.22,-7.97,-5.52,3.20,-8.08,-5.52,3.20,-8.08,
-3.16,7.68,-5.00,-3.16,7.68,-5.00,-5.29,2.60,-7.30,-5.29,2.60,-7.30,-5.24,2.55,-7.30,-5.24,2.55,-7.30,
-2.47,5.97,-1.28,-2.47,5.97,-1.28,-3.99,3.76,-4.89,-3.99,3.76,-4.89,-3.94,3.80,-4.88,-3.94,3.80,-4.88,
-2.04,4.91,-0.17,-2.04,4.91,-0.17,-2.61,5.23,-2.66,-2.61,5.23,-2.66,-2.63,5.50,-2.42,-2.63,5.50,-2.42,
-5.97,14.51,0.88,-5.97,14.51,0.88,-5.68,9.35,-2.69,-5.68,9.35,-2.69,-5.93,9.66,-2.95,-5.93,9.66,-2.95,
-6.08,9.39,7.55,-6.08,9.39,7.55,-4.10,11.95,-0.69,-4.10,11.95,-0.69,-3.93,11.80,-0.51,-3.93,11.80,-0.51,
-1.00,8.82,9.09,-1.00,8.82,9.09,-1.59,8.43,-0.63,-1.59,8.43,-0.63,-0.90,9.19,-0.33,-0.90,9.19,-0.33,

-0.47,10.01,6.42,-0.47,10.01,6.42,-3.02,8.96,-2.70,-3.02,8.96,-2.70,-3.07,8.94,-2.73,-3.07,8.94,-2.73,
-2.25,8.66,3.24,-2.25,8.66,3.24,-3.95,8.85,-2.71,-3.95,8.85,-2.71,-3.94,8.88,-2.63,-3.94,8.88,-2.63,
-2.42,8.45,3.59,-2.42,8.45,3.59,-3.51,8.64,-2.35,-3.51,8.64,-2.35,-3.45,8.69,-2.34,-3.45,8.69,-2.34,
-1.49,9.35,3.67,-1.49,9.35,3.67,-3.64,8.67,-1.98,-3.64,8.67,-1.98,-3.69,8.72,-2.08,-3.69,8.72,-2.08,
-2.50,9.63,3.92,-2.50,9.63,3.92,-4.26,9.04,-2.25,-4.26,9.04,-2.25,-4.15,9.17,-2.38,-4.15,9.17,-2.38,
-4.84,9.76,2.63,-4.84,9.76,2.63,-5.13,8.56,-1.65,-5.13,8.56,-1.65,-5.13,8.53,-1.65,-5.13,8.53,-1.65,
-6.65,11.17,-1.23,-6.65,11.17,-1.23,-6.58,8.28,-1.91,-6.58,8.28,-1.91,-6.47,8.40,-1.92,-6.47,8.40,-1.92,
-6.88,7.91,-2.15,-6.88,7.91,-2.15,-5.71,8.30,-7.85,-5.71,8.30,-7.85,-5.79,7.66,-7.35,-5.79,7.66,-7.35,
-2.28,9.54,-1.25,-2.28,9.54,-1.25,-5.63,7.49,-2.78,-5.63,7.49,-2.78,-5.97,7.31,-3.21,-5.97,7.31,-3.21,
-1.58,9.80,-1.15,-1.58,9.80,-1.15,-4.57,4.53,-6.87,-4.57,4.53,-6.87,-5.00,4.20,-7.10,-5.00,4.20,-7.10,
-1.03,7.35,-2.05,-1.03,7.35,-2.05,-4.87,5.75,-4.41,-4.87,5.75,-4.41,-3.60,5.14,-4.15,-3.60,5.14,-4.15,
-1.45,5.79,-3.36,-1.45,5.79,-3.36,-3.86,3.59,-6.40,-3.86,3.59,-6.40,-4.07,3.71,-6.22,-4.07,3.71,-6.22,
-1.77,6.38,-4.99,-1.77,6.38,-4.99,-4.03,2.29,-6.97,-4.03,2.29,-6.97,-4.32,2.25,-6.92,-4.32,2.25,-6.92,
-2.65,8.48,-6.53,-2.65,8.48,-6.53,-4.98,3.33,-8.48,-4.98,3.33,-8.48,-5.20,3.29,-8.58,-5.20,3.29,-8.58,
-3.37,7.28,-5.94,-3.37,7.28,-5.94,-5.50,2.97,-7.29,-5.50,2.97,-7.29,-5.29,3.02,-7.26,-5.29,3.02,-7.26,
-2.12,6.57,-5.41,-2.12,6.57,-5.41,-4.72,2.97,-6.92,-4.72,2.97,-6.92,-4.68,2.91,-7.08,-4.68,2.91,-7.08,
-1.90,7.35,-5.81,-1.90,7.35,-5.81,-5.15,3.10,-7.51,-5.15,3.10,-7.51,-5.15,3.21,-7.24,-5.15,3.21,-7.24,
-2.25,5.86,-1.30,-2.25,5.86,-1.30,-4.29,3.40,-4.15,-4.29,3.40,-4.15,-4.27,3.34,-4.14,-4.27,3.34,-4.14,

-1.55,8.82,3.08,-1.55,8.82,3.08,-2.63,8.99,-1.21,-2.63,8.99,-1.21,-2.50,8.96,-1.33,-2.50,8.96,-1.33,
-1.95,8.29,4.16,-1.95,8.29,4.16,-3.20,8.69,-1.66,-3.20,8.69,-1.66,-3.13,8.69,-1.66,-3.13,8.69,-1.66,
-2.44,8.66,3.26,-2.44,8.66,3.26,-3.81,8.40,-1.60,-3.81,8.40,-1.60,-3.86,8.39,-1.77,-3.86,8.39,-1.77,
-2.21,9.62,3.45,-2.21,9.62,3.45,-3.76,8.87,-1.69,-3.76,8.87,-1.69,-3.77,9.05,-1.62,-3.77,9.05,-1.62,
-4.73,11.40,-4.32,-4.73,11.40,-4.32,-5.61,8.61,-2.90,-5.61,8.61,-2.90,-5.71,8.66,-3.05,-5.71,8.66,-3.05,
-5.98,9.95,-4.05,-5.98,9.95,-4.05,-7.36,9.22,-4.89,-7.36,9.22,-4.89,-7.29,9.15,-4.75,-7.29,9.15,-4.75,
-2.40,11.26,-0.05,-2.40,11.26,-0.05,-4.43,7.13,-5.08,-4.43,7.13,-5.08,-4.15,7.05,-5.18,-4.15,7.05,-5.18,
-1.93,9.00,-0.24,-1.93,9.00,-0.24,-5.35,5.94,-5.41,-5.35,5.94,-5.41,-5.67,5.58,-5.86,-5.67,5.58,-5.86,
-0.57,6.77,-0.32,-0.57,6.77,-0.32,-3.51,3.59,-6.00,-3.51,3.59,-6.00,-3.32,3.53,-6.05,-3.32,3.53,-6.05,
-1.99,6.87,-2.40,-1.99,6.87,-2.40,-4.28,4.02,-5.67,-4.28,4.02,-5.67,-4.41,4.08,-5.48,-4.41,4.08,-5.48,
-3.05,8.63,-4.15,-3.05,8.63,-4.15,-6.89,4.28,-5.40,-6.89,4.28,-5.40,-6.93,4.21,-5.46,-6.93,4.21,-5.46,
-4.27,8.76,-5.15,-4.27,8.76,-5.15,-7.34,3.61,-6.72,-7.34,3.61,-6.72,-7.23,3.63,-6.78,-7.23,3.63,-6.78,
-3.25,8.74,-5.09,-3.25,8.74,-5.09,-6.80,3.24,-7.24,-6.80,3.24,-7.24,-6.89,3.15,-7.13,-6.89,3.15,-7.13,
-3.97,6.71,-1.80,-3.97,6.71,-1.80,-5.57,2.71,-5.32,-5.57,2.71,-5.32,-5.46,2.70,-5.48,-5.46,2.70,-5.48,
-4.94,4.39,0.66,-4.94,4.39,0.66,-4.42,3.05,-4.02,-4.42,3.05,-4.02,-4.40,3.27,-3.86,-4.40,3.27,-3.86,
-6.14,8.65,0.19,-6.14,8.65,0.19,-5.12,7.53,-4.37,-5.12,7.53,-4.37,-5.12,7.54,-4.24,-5.12,7.54,-4.24,
-6.30,10.88,0.52,-6.30,10.88,0.52,-6.66,9.38,-1.30,-6.66,9.38,-1.30,-6.76,9.80,-1.21,-6.76,9.80,-1.21,
-7.57,10.27,0.89,-7.57,10.27,0.89,-5.87,9.54,-0.61,-5.87,9.54,-0.61,-5.70,9.52,-0.53,-5.70,9.52,-0.53,
-5.85,7.77,2.10,-5.85,7.77,2.10,-4.18,9.12,-1.49,-4.18,9.12,-1.49,-4.22,9.06,-1.44,-4.22,9.06,-1.44,

-0.64,9.08,2.62,-0.64,9.08,2.62,-1.82,8.78,-3.07,-1.82,8.78,-3.07,-1.85,8.58,-2.99,-1.85,8.58,-2.99,
-0.90,9.26,2.32,-0.90,9.26,2.32,-2.28,9.00,-3.04,-2.28,9.00,-3.04,-2.30,9.07,-3.07,-2.30,9.07,-3.07,
-2.06,9.61,2.42,-2.06,9.61,2.42,-3.82,8.66,-2.70,-3.82,8.66,-2.70,-3.82,8.70,-2.66,-3.82,8.70,-2.66,
-5.29,9.64,-0.02,-5.29,9.64,-0.02,-3.78,9.51,-1.21,-3.78,9.51,-1.21,-3.75,9.41,-1.10,-3.75,9.41,-1.10,
-4.91,10.37,0.30,-4.91,10.37,0.30,-4.76,9.17,-1.56,-4.76,9.17,-1.56,-4.83,9.25,-1.64,-4.83,9.25,-1.64,
-6.33,10.04,-2.62,-6.33,10.04,-2.62,-10.83,8.23,0.51,-10.83,8.23,0.51,-10.81,8.36,0.52,-10.81,8.36,0.52,
-4.45,8.62,-0.93,-4.45,8.62,-0.93,-4.89,8.43,-4.89,-4.89,8.43,-4.89,-4.68,8.03,-4.95,-4.68,8.03,-4.95,
-2.18,6.03,-2.59,-2.18,6.03,-2.59,-5.22,5.54,-3.11,-5.22,5.54,-3.11,-5.41,5.42,-3.39,-5.41,5.42,-3.39,
-1.29,6.27,-2.98,-1.29,6.27,-2.98,-4.63,3.49,-5.26,-4.63,3.49,-5.26,-4.80,3.69,-5.06,-4.80,3.69,-5.06,
-2.19,8.39,-4.05,-2.19,8.39,-4.05,-6.03,2.40,-6.30,-6.03,2.40,-6.30,-6.06,2.34,-6.51,-6.06,2.34,-6.51,
-3.53,8.37,-4.00,-3.53,8.37,-4.00,-5.69,3.09,-7.33,-5.69,3.09,-7.33,-5.72,3.14,-7.00,-5.72,3.14,-7.00,
-2.16,8.17,-3.94,-2.16,8.17,-3.94,-6.05,4.24,-5.86,-6.05,4.24,-5.86,-5.86,4.28,-5.78,-5.86,4.28,-5.78,
-2.51,8.28,-3.74,-2.51,8.28,-3.74,-5.21,4.07,-6.80,-5.21,4.07,-6.80,-5.10,4.12,-6.68,-5.10,4.12,-6.68,
-1.87,9.49,-4.84,-1.87,9.49,-4.84,-5.60,4.89,-7.82,-5.60,4.89,-7.82,-5.68,4.82,-7.84,-5.68,4.82,-7.84,
-3.06,8.15,-4.16,-3.06,8.15,-4.16,-6.72,4.35,-5.45,-6.72,4.35,-5.45,-6.57,4.33,-5.46,-6.57,4.33,-5.46,
-3.17,7.11,-1.60,-3.17,7.11,-1.60,-4.88,3.97,-4.83,-4.88,3.97,-4.83,-4.75,4.00,-4.85,-4.75,4.00,-4.85,
-2.68,6.46,0.71,-2.68,6.46,0.71,-4.06,6.02,-3.53,-4.06,6.02,-3.53,-3.90,6.09,-3.42,-3.90,6.09,-3.42,
-2.85,6.22,0.26,-2.85,6.22,0.26,-3.10,8.44,-4.15,-3.10,8.44,-4.15,-3.09,8.57,-4.30,-3.09,8.57,-4.30,

-3.00,8.46,3.74,-3.00,8.46,3.74,-1.42,9.61,-0.29,-1.42,9.61,-0.29,-1.39,9.63,-0.40,-1.39,9.63,-0.40,
-3.04,8.37,3.94,-3.04,8.37,3.94,-1.49,9.56,-0.33,-1.49,9.56,-0.33,-1.50,9.55,-0.41,-1.50,9.55,-0.41,
-2.99,8.41,3.86,-2.99,8.41,3.86,-1.45,9.54,-0.48,-1.45,9.54,-0.48,-1.51,9.52,-0.42,-1.51,9.52,-0.42,
-3.02,8.44,3.87,-3.02,8.44,3.87,-1.52,9.56,-0.48,-1.52,9.56,-0.48,-1.67,9.55,-0.52,-1.67,9.55,-0.52,
-3.91,9.69,2.41,-3.91,9.69,2.41,-2.53,9.62,-1.62,-2.53,9.62,-1.62,-2.55,9.57,-1.51,-2.55,9.57,-1.51,
-1.65,12.15,3.08,-1.65,12.15,3.08,-3.96,10.02,-0.64,-3.96,10.02,-0.64,-3.93,9.98,-0.87,-3.93,9.98,-0.87,
-5.61,8.75,-6.04,-5.61,8.75,-6.04,-5.58,11.18,-1.50,-5.58,11.18,-1.50,-5.55,10.86,-1.50,-5.55,10.86,-1.50,
-10.24,12.20,-1.08,-10.24,12.20,-1.08,-3.64,9.65,-2.84,-3.64,9.65,-2.84,-3.81,9.76,-3.17,-3.81,9.76,-3.17,
-3.78,12.00,-0.28,-3.78,12.00,-0.28,-6.69,6.70,-4.18,-6.69,6.70,-4.18,-6.33,6.62,-3.94,-6.33,6.62,-3.94,
-3.42,4.51,-2.22,-3.42,4.51,-2.22,-2.75,3.92,-6.36,-2.75,3.92,-6.36,-3.15,3.96,-6.66,-3.15,3.96,-6.66,
-1.14,6.98,-4.52,-1.14,6.98,-4.52,-4.90,1.27,-5.83,-4.90,1.27,-5.83,-4.90,1.21,-5.88,-4.90,1.21,-5.88,
-4.65,6.59,-3.98,-4.65,6.59,-3.98,-5.26,2.57,-6.71,-5.26,2.57,-6.71,-5.21,2.61,-6.84,-5.21,2.61,-6.84,
-4.20,7.69,-5.69,-4.20,7.69,-5.69,-6.49,3.82,-6.75,-6.49,3.82,-6.75,-6.46,3.53,-6.83,-6.46,3.53,-6.83,
-4.55,6.36,-6.51,-4.55,6.36,-6.51,-6.73,2.60,-6.60,-6.73,2.60,-6.60,-6.77,2.58,-6.52,-6.77,2.58,-6.52,
-5.04,5.50,-5.94,-5.04,5.50,-5.94,-6.61,2.51,-6.06,-6.61,2.51,-6.06,-6.45,2.50,-6.13,-6.45,2.50,-6.13,
-4.81,3.83,-2.44,-4.81,3.83,-2.44,-4.82,2.27,-4.26,-4.82,2.27,-4.26,-4.55,2.32,-4.14,-4.55,2.32,-4.14,
-2.33,4.30,-3.54,-2.33,4.30,-3.54,-5.02,2.87,-3.42,-5.02,2.87,-3.42,-4.85,3.13,-3.40,-4.85,3.13,-3.40,
-8.63,8.94,1.37,-8.63,8.94,1.37,-8.72,7.15,-6.03,-8.72,7.15,-6.03,-8.58,7.74,-5.58,-8.58,7.74,-5.58,
-10.36,10.02,3.53,-10.36,10.02,3.53,-5.66,11.27,-1.18,-5.66,11.27,-1.18,-5.70,11.51,-1.51,-5.70,11.51,-1.51,
-19.60,15.71,14.81,-19.60,15.71,14.81,-4.86,8.62,-3.02,-4.86,8.62,-3.02,-4.75,8.46,-3.34,-4.75,8.46,-3.34,

-9.74,1.52,-0.41,-9.74,1.52,-0.41,-3.24,9.14,-2.25,-3.24,9.14,-2.25,-3.23,8.92,-2.33,-3.23,8.92,-2.33,
-9.46,2.19,0.15,-9.46,2.19,0.15,-3.20,8.19,-2.70,-3.20,8.19,-2.70,-3.22,8.12,-2.70,-3.22,8.12,-2.70,
-9.81,1.93,0.09,-9.81,1.93,0.09,-2.94,8.65,-2.69,-2.94,8.65,-2.69,-2.91,8.75,-2.65,-2.91,8.75,-2.65,
-10.60,2.32,0.02,-10.60,2.32,0.02,-3.04,9.06,-3.39,-3.04,9.06,-3.39,-3.05,9.03,-3.40,-3.05,9.03,-3.40,
-6.89,3.25,-2.10,-6.89,3.25,-2.10,-4.65,8.84,-3.32,-4.65,8.84,-3.32,-4.59,8.83,-3.48,-4.59,8.83,-3.48,
-8.12,8.19,-0.98,-8.12,8.19,-0.98,-5.79,9.07,-4.23,-5.79,9.07,-4.23,-5.61,9.20,-4.89,-5.61,9.20,-4.89,
-8.75,9.44,0.93,-8.75,9.44,0.93,-3.42,8.05,-4.29,-3.42,8.05,-4.29,-3.43,8.14,-4.55,-3.43,8.14,-4.55,
-2.67,8.78,-2.44,-2.67,8.78,-2.44,-3.98,7.47,-3.96,-3.98,7.47,-3.96,-4.04,7.68,-4.12,-4.04,7.68,-4.12,
-2.36,9.61,-5.80,-2.36,9.61,-5.80,-5.15,5.21,-4.77,-5.15,5.21,-4.77,-5.03,5.15,-4.92,-5.03,5.15,-4.92,
-2.44,8.66,-3.40,-2.44,8.66,-3.40,-6.27,4.27,-6.05,-6.27,4.27,-6.05,-6.35,4.06,-5.10,-6.35,4.06,-5.10,
-3.89,6.94,-2.73,-3.89,6.94,-2.73,-4.84,4.35,-4.31,-4.84,4.35,-4.31,-4.98,4.12,-4.57,-4.98,4.12,-4.57,
-4.79,5.06,-5.74,-4.79,5.06,-5.74,-6.23,3.42,-5.35,-6.23,3.42,-5.35,-6.15,3.36,-5.43,-6.15,3.36,-5.43,
-5.18,6.07,-5.34,-5.18,6.07,-5.34,-6.85,3.29,-5.43,-6.85,3.29,-5.43,-6.85,3.28,-5.42,-6.85,3.28,-5.42,
-3.55,7.41,-5.21,-3.55,7.41,-5.21,-6.11,4.10,-5.81,-6.11,4.10,-5.81,-6.09,4.08,-5.93,-6.09,4.08,-5.93,
-3.39,6.75,-4.56,-3.39,6.75,-4.56,-5.21,4.40,-6.08,-5.21,4.40,-6.08,-5.33,4.45,-5.97,-5.33,4.45,-5.97,
-1.61,6.38,-3.46,-1.61,6.38,-3.46,-4.87,5.12,-3.74,-4.87,5.12,-3.74,-4.94,4.93,-3.75,-4.94,4.93,-3.75,
-5.33,9.66,-1.66,-5.33,9.66,-1.66,-3.04,7.45,-5.09,-3.04,7.45,-5.09,-3.26,7.79,-5.29,-3.26,7.79,-5.29,
-5.24,9.38,-3.23,-5.24,9.38,-3.23,-6.54,8.41,-1.05,-6.54,8.41,-1.05,-6.52,8.15,-1.01,-6.52,8.15,-1.01,
-5.24,8.35,1.90,-5.24,8.35,1.90,-4.99,8.53,-1.07,-4.99,8.53,-1.07,-4.75,8.31,-1.06,-4.75,8.31,-1.06,

-8.59,1.86,0.37,-8.59,1.86,0.37,-4.29,8.18,-1.07,-4.29,8.18,-1.07,-4.25,8.20,-1.07,-4.25,8.20,-1.07,
-9.46,2.64,1.12,-9.46,2.64,1.12,-4.66,8.46,-1.59,-4.66,8.46,-1.59,-4.58,8.44,-1.58,-4.58,8.44,-1.58,
-9.42,2.72,1.16,-9.42,2.72,1.16,-4.58,8.67,-1.34,-4.58,8.67,-1.34,-4.47,8.68,-1.28,-4.47,8.68,-1.28,
-9.22,2.95,0.15,-9.22,2.95,0.15,-5.31,8.72,-1.59,-5.31,8.72,-1.59,-5.34,8.74,-1.58,-5.34,8.74,-1.58,
-8.81,4.18,0.47,-8.81,4.18,0.47,-5.23,8.10,-3.03,-5.23,8.10,-3.03,-5.17,8.08,-3.01,-5.17,8.08,-3.01,
-7.17,6.43,-2.02,-7.17,6.43,-2.02,-6.25,7.71,-4.06,-6.25,7.71,-4.06,-6.27,7.79,-4.01,-6.27,7.79,-4.01,
-6.91,9.48,-1.29,-6.91,9.48,-1.29,-3.72,8.59,-3.60,-3.72,8.59,-3.60,-3.43,8.54,-3.70,-3.43,8.54,-3.70,
-7.42,9.44,-1.43,-7.42,9.44,-1.43,-7.40,6.23,-3.77,-7.40,6.23,-3.77,-7.24,6.25,-3.77,-7.24,6.25,-3.77,
-5.66,11.34,-2.42,-5.66,11.34,-2.42,-4.88,6.13,-8.12,-4.88,6.13,-8.12,-4.66,6.03,-8.19,-4.66,6.03,-8.19,
-3.11,6.72,-2.43,-3.11,6.72,-2.43,-4.73,5.94,-4.17,-4.73,5.94,-4.17,-4.75,5.75,-3.32,-4.75,5.75,-3.32,
-2.14,7.60,-3.36,-2.14,7.60,-3.36,-5.65,4.25,-4.70,-5.65,4.25,-4.70,-5.79,4.35,-4.66,-5.79,4.35,-4.66,
-2.73,7.66,-4.82,-2.73,7.66,-4.82,-5.80,4.16,-6.12,-5.80,4.16,-6.12,-5.87,4.14,-6.07,-5.87,4.14,-6.07,
-4.02,6.84,-6.78,-4.02,6.84,-6.78,-5.96,3.82,-7.08,-5.96,3.82,-7.08,-6.06,3.81,-7.14,-6.06,3.81,-7.14,
-3.89,6.59,-6.79,-3.89,6.59,-6.79,-6.26,2.79,-6.84,-6.26,2.79,-6.84,-6.27,2.82,-6.77,-6.27,2.82,-6.77,
-3.95,5.84,-3.71,-3.95,5.84,-3.71,-5.52,2.88,-5.34,-5.52,2.88,-5.34,-5.41,2.87,-5.06,-5.41,2.87,-5.06,
-5.38,4.91,-0.37,-5.38,4.91,-0.37,-4.90,2.81,-2.39,-4.90,2.81,-2.39,-4.83,2.88,-2.54,-4.83,2.88,-2.54,
-6.62,10.92,-0.22,-6.62,10.92,-0.22,-7.35,9.13,-3.72,-7.35,9.13,-3.72,-7.61,9.47,-3.74,-7.61,9.47,-3.74,
-5.00,8.31,0.97,-5.00,8.31,0.97,-7.28,8.31,-0.69,-7.28,8.31,-0.69,-7.11,8.49,-0.48,-7.11,8.49,-0.48,
-7.19,8.18,3.16,-7.19,8.18,3.16,-4.92,10.00,-1.11,-4.92,10.00,-1.11,-4.73,10.20,-1.09,-4.73,10.20,-1.09,

-9.46,2.06,1.07,-9.46,2.06,1.07,-4.68,8.16,-1.92,-4.68,8.16,-1.92,-4.67,8.18,-2.05,-4.67,8.18,-2.05,
-9.05,2.37,1.11,-9.05,2.37,1.11,-4.45,7.76,-2.33,-4.45,7.76,-2.33,-4.49,7.71,-2.23,-4.49,7.71,-2.23,
-9.44,2.73,0.90,-9.44,2.73,0.90,-5.26,7.67,-2.16,-5.26,7.67,-2.16,-5.24,7.64,-2.19,-5.24,7.64,-2.19,
-9.77,2.55,-0.12,-9.77,2.55,-0.12,-5.78,8.17,-2.32,-5.78,8.17,-2.32,-5.86,8.09,-2.31,-5.86,8.09,-2.31,
-8.19,3.05,-0.18,-8.19,3.05,-0.18,-4.65,9.62,-2.56,-4.65,9.62,-2.56,-4.79,9.52,-2.47,-4.79,9.52,-2.47,
-8.96,7.98,-0.03,-8.96,7.98,-0.03,-3.61,10.26,-4.95,-3.61,10.26,-4.95,-3.56,10.27,-5.11,-3.56,10.27,-5.11,
-4.63,12.85,-0.15,-4.63,12.85,-0.15,-6.02,8.00,-2.42,-6.02,8.00,-2.42,-5.96,8.00,-2.38,-5.96,8.00,-2.38,
-5.16,12.04,-0.11,-5.16,12.04,-0.11,-5.95,6.28,-2.52,-5.95,6.28,-2.52,-5.84,5.84,-2.60,-5.84,5.84,-2.60,
-1.51,8.16,0.25,-1.51,8.16,0.25,-3.11,6.98,-6.10,-3.11,6.98,-6.10,-3.26,6.63,-5.71,-3.26,6.63,-5.71,
-3.82,8.53,-4.96,-3.82,8.53,-4.96,-6.11,5.60,-6.69,-6.11,5.60,-6.69,-5.84,5.47,-6.36,-5.84,5.47,-6.36,
-1.82,8.47,-3.96,-1.82,8.47,-3.96,-5.31,3.97,-5.57,-5.31,3.97,-5.57,-5.45,3.93,-5.73,-5.45,3.93,-5.73,
-1.01,6.84,-4.24,-1.01,6.84,-4.24,-4.94,3.90,-4.46,-4.94,3.90,-4.46,-5.19,3.90,-4.58,-5.19,3.90,-4.58,
-2.53,7.90,-4.97,-2.53,7.90,-4.97,-5.53,4.38,-6.49,-5.53,4.38,-6.49,-5.44,4.41,-6.57,-5.44,4.41,-6.57,
-3.40,7.90,-5.79,-3.40,7.90,-5.79,-6.29,4.25,-6.42,-6.29,4.25,-6.42,-6.29,4.31,-6.32,-6.29,4.31,-6.32,
-3.95,7.75,-5.05,-3.95,7.75,-5.05,-6.04,4.15,-6.91,-6.04,4.15,-6.91,-5.95,3.99,-6.82,-5.95,3.99,-6.82,
-4.07,7.56,-3.81,-4.07,7.56,-3.81,-6.49,3.35,-4.43,-6.49,3.35,-4.43,-6.36,3.34,-4.75,-6.36,3.34,-4.75,
-1.68,6.28,-3.87,-1.68,6.28,-3.87,-5.47,4.92,-3.91,-5.47,4.92,-3.91,-5.84,4.46,-3.37,-5.84,4.46,-3.37,
-7.18,6.38,1.07,-7.18,6.38,1.07,-8.66,6.31,-1.07,-8.66,6.31,-1.07,-8.96,6.46,-1.39,-8.96,6.46,-1.39,
-5.98,9.71,2.50,-5.98,9.71,2.50,-4.01,9.63,-4.98,-4.01,9.63,-4.98,-3.60,9.67,-5.24,-3.60,9.67,-5.24,

-5.93,6.03,7.47,-5.93,6.03,7.47,-2.95,9.84,-3.76,-2.95,9.84,-3.76,-3.06,9.50,-3.92,-3.06,9.50,-3.92,
-5.31,5.90,5.50,-5.31,5.90,5.50,-2.54,8.20,-3.44,-2.54,8.20,-3.44,-2.57,8.23,-3.27,-2.57,8.23,-3.27,
-4.94,5.53,5.40,-4.94,5.53,5.40,-2.31,9.11,-3.64,-2.31,9.11,-3.64,-2.30,9.26,-3.54,-2.30,9.26,-3.54,
-6.64,6.62,5.53,-6.64,6.62,5.53,-3.33,9.75,-3.20,-3.33,9.75,-3.20,-3.27,9.92,-3.19,-3.27,9.92,-3.19,
-7.37,6.67,3.62,-7.37,6.67,3.62,-4.87,9.73,-3.84,-4.87,9.73,-3.84,-4.89,9.67,-3.82,-4.89,9.67,-3.82,
-5.26,7.20,2.20,-5.26,7.20,2.20,-3.96,8.56,-4.29,-3.96,8.56,-4.29,-3.79,8.59,-4.53,-3.79,8.59,-4.53,
-2.79,10.37,3.73,-2.79,10.37,3.73,-4.09,7.97,-4.65,-4.09,7.97,-4.65,-4.01,7.91,-4.75,-4.01,7.91,-4.75,
-2.07,11.83,-0.07,-2.07,11.83,-0.07,-3.97,5.82,-6.88,-3.97,5.82,-6.88,-3.95,5.88,-7.31,-3.95,5.88,-7.31,
-3.68,9.43,-0.82,-3.68,9.43,-0.82,-5.75,5.71,-3.75,-5.75,5.71,-3.75,-5.76,5.73,-2.54,-5.76,5.73,-2.54,
-1.97,7.14,-3.60,-1.97,7.14,-3.60,-4.15,2.90,-6.26,-4.15,2.90,-6.26,-4.49,3.17,-6.27,-4.49,3.17,-6.27,
-3.30,6.66,-4.31,-3.30,6.66,-4.31,-5.24,3.20,-6.75,-5.24,3.20,-6.75,-4.99,3.09,-6.97,-4.99,3.09,-6.97,
-4.96,7.58,-4.58,-4.96,7.58,-4.58,-6.37,3.18,-7.04,-6.37,3.18,-7.04,-6.41,3.08,-7.02,-6.41,3.08,-7.02,
-5.20,6.78,-4.18,-5.20,6.78,-4.18,-6.13,2.95,-6.37,-6.13,2.95,-6.37,-6.04,2.95,-6.36,-6.04,2.95,-6.36,
-4.21,8.15,-3.99,-4.21,8.15,-3.99,-6.10,3.88,-6.65,-6.10,3.88,-6.65,-6.00,3.90,-6.56,-6.00,3.90,-6.56,
-4.16,7.57,-4.11,-4.16,7.57,-4.11,-5.87,3.61,-6.33,-5.87,3.61,-6.33,-5.88,3.56,-6.39,-5.88,3.56,-6.39,
-3.24,7.79,-3.59,-3.24,7.79,-3.59,-6.69,2.40,-5.39,-6.69,2.40,-5.39,-7.07,2.28,-5.44,-7.07,2.28,-5.44,
-5.29,10.30,0.44,-5.29,10.30,0.44,-4.23,2.35,-3.98,-4.23,2.35,-3.98,-4.33,2.31,-4.02,-4.33,2.31,-4.02,
-4.42,9.10,3.13,-4.42,9.10,3.13,-7.81,4.12,-1.47,-7.81,4.12,-1.47,-7.67,3.76,-1.54,-7.67,3.76,-1.54,

-1.78,5.48,7.84,-1.78,5.48,7.84,-2.53,9.19,-1.00,-2.53,9.19,-1.00,-2.51,9.20,-0.94,-2.51,9.20,-0.94,
-1.99,6.19,7.32,-1.99,6.19,7.32,-2.79,8.95,-1.92,-2.79,8.95,-1.92,-2.73,9.00,-1.98,-2.73,9.00,-1.98,
-2.54,5.33,6.50,-2.54,5.33,6.50,-2.74,9.07,-1.33,-2.74,9.07,-1.33,-2.71,9.22,-1.18,-2.71,9.22,-1.18,
-3.40,7.87,7.06,-3.40,7.87,7.06,-3.59,9.54,-2.00,-3.59,9.54,-2.00,-3.49,9.60,-2.03,-3.49,9.60,-2.03,
-5.76,11.78,5.13,-5.76,11.78,5.13,-6.37,8.18,-5.32,-6.37,8.18,-5.32,-6.32,8.43,-5.52,-6.32,8.43,-5.52,
-2.95,10.47,0.97,-2.95,10.47,0.97,-5.38,9.73,-3.66,-5.38,9.73,-3.66,-4.97,9.79,-3.66,-4.97,9.79,-3.66,
-0.95,7.65,0.10,-0.95,7.65,0.10,-4.00,7.25,-1.36,-4.00,7.25,-1.36,-3.90,7.40,-1.65,-3.90,7.40,-1.65,
-4.09,9.32,-1.01,-4.09,9.32,-1.01,-5.89,4.47,-5.02,-5.89,4.47,-5.02,-5.81,4.51,-5.09,-5.81,4.51,-5.09,
-4.39,9.33,-3.07,-4.39,9.33,-3.07,-5.51,6.34,-5.85,-5.51,6.34,-5.85,-5.23,6.86,-5.44,-5.23,6.86,-5.44,
-1.78,7.69,-1.15,-1.78,7.69,-1.15,-4.66,7.37,-4.25,-4.66,7.37,-4.25,-4.39,5.56,-4.37,-4.39,5.56,-4.37,
-3.14,7.75,-2.65,-3.14,7.75,-2.65,-5.32,3.86,-5.79,-5.32,3.86,-5.79,-5.30,3.84,-5.76,-5.30,3.84,-5.76,
-4.52,8.40,-3.64,-4.52,8.40,-3.64,-6.09,4.33,-6.19,-6.09,4.33,-6.19,-6.27,4.35,-6.19,-6.27,4.35,-6.19,
-4.50,10.04,-4.52,-4.50,10.04,-4.52,-6.73,4.30,-7.83,-6.73,4.30,-7.83,-6.80,4.38,-7.94,-6.80,4.38,-7.94,
-4.23,6.26,-4.07,-4.23,6.26,-4.07,-4.65,3.82,-5.49,-4.65,3.82,-5.49,-4.79,3.80,-5.59,-4.79,3.80,-5.59,
-3.12,6.24,-2.95,-3.12,6.24,-2.95,-4.74,2.63,-5.25,-4.74,2.63,-5.25,-4.82,2.58,-5.22,-4.82,2.58,-5.22,
-2.88,5.91,-1.31,-2.88,5.91,-1.31,-3.83,3.52,-3.03,-3.83,3.52,-3.03,-4.01,3.81,-3.34,-4.01,3.81,-3.34,
-5.47,10.99,4.02,-5.47,10.99,4.02,-5.60,5.84,-3.25,-5.60,5.84,-3.25,-5.61,5.38,-2.44,-5.61,5.38,-2.44,
-6.80,7.70,6.91,-6.80,7.70,6.91,-5.84,10.41,-0.59,-5.84,10.41,-0.59,-6.31,10.03,-0.63,-6.31,10.03,-0.63,

-2.65,6.29,6.85,-2.65,6.29,6.85,-3.39,8.73,-1.68,-3.39,8.73,-1.68,-3.43,8.70,-1.58,-3.43,8.70,-1.58,
-3.34,6.47,6.24,-3.34,6.47,6.24,-3.73,8.67,-2.40,-3.73,8.67,-2.40,-3.82,8.61,-2.36,-3.82,8.61,-2.36,
-4.66,5.66,5.83,-4.66,5.66,5.83,-4.42,8.40,-1.59,-4.42,8.40,-1.59,-4.49,8.46,-1.45,-4.49,8.46,-1.45,
-5.37,5.06,5.99,-5.37,5.06,5.99,-4.86,8.66,-0.74,-4.86,8.66,-0.74,-4.81,8.77,-0.82,-4.81,8.77,-0.82,
-5.33,5.78,2.45,-5.33,5.78,2.45,-5.83,8.93,-1.54,-5.83,8.93,-1.54,-5.84,8.85,-1.62,-5.84,8.85,-1.62,
-5.84,14.18,1.53,-5.84,14.18,1.53,-6.59,7.29,-5.24,-6.59,7.29,-5.24,-6.88,7.24,-5.25,-6.88,7.24,-5.25,
-3.15,11.23,0.93,-3.15,11.23,0.93,-6.12,7.97,-4.82,-6.12,7.97,-4.82,-6.11,8.09,-4.58,-6.11,8.09,-4.58,
-0.78,10.47,-0.98,-0.78,10.47,-0.98,-3.71,6.85,-5.39,-3.71,6.85,-5.39,-3.87,6.92,-5.04,-3.87,6.92,-5.04,
-0.68,8.25,-0.86,-0.68,8.25,-0.86,-4.95,6.11,-3.76,-4.95,6.11,-3.76,-4.82,6.15,-3.52,-4.82,6.15,-3.52,
-1.21,8.34,-3.00,-1.21,8.34,-3.00,-4.07,5.21,-6.02,-4.07,5.21,-6.02,-3.91,5.79,-6.13,-3.91,5.79,-6.13,
-1.77,8.00,-4.23,-1.77,8.00,-4.23,-5.47,4.03,-6.90,-5.47,4.03,-6.90,-5.30,3.81,-6.57,-5.30,3.81,-6.57,
-2.45,8.17,-4.28,-2.45,8.17,-4.28,-5.43,4.00,-6.26,-5.43,4.00,-6.26,-5.41,3.94,-6.34,-5.41,3.94,-6.34,
-3.38,8.53,-2.94,-3.38,8.53,-2.94,-6.36,3.68,-5.91,-6.36,3.68,-5.91,-6.30,3.73,-5.87,-6.30,3.73,-5.87,
-3.24,8.35,-2.90,-3.24,8.35,-2.90,-5.77,3.81,-6.33,-5.77,3.81,-6.33,-5.78,3.82,-6.46,-5.78,3.82,-6.46,
-4.17,6.15,0.43,-4.17,6.15,0.43,-2.77,4.14,-5.51,-2.77,4.14,-5.51,-2.61,4.08,-5.51,-2.61,4.08,-5.51,
-4.41,11.27,1.28,-4.41,11.27,1.28,-5.51,4.98,-4.00,-5.51,4.98,-4.00,-5.50,5.08,-3.51,-5.50,5.08,-3.51,
-4.12,10.71,6.47,-4.12,10.71,6.47,-7.75,10.38,-0.19,-7.75,10.38,-0.19,-7.44,10.55,-0.69,-7.44,10.55,-0.69,
-5.75,4.19,6.56,-5.75,4.19,6.56,-3.49,13.45,-0.52,-3.49,13.45,-0.52,-4.00,13.14,-0.91,-4.00,13.14,-0.91,
-5.69,4.15,8.09,-5.69,4.15,8.09,-1.97,10.83,-2.64,-1.97,10.83,-2.64,-2.34,10.90,-2.94,-2.34,10.90,-2.94,

-2.50,5.21,6.09,-2.50,5.21,6.09,-3.38,9.20,-0.57,-3.38,9.20,-0.57,-3.37,9.26,-0.16,-3.37,9.26,-0.16,
-3.86,7.16,4.84,-3.86,7.16,4.84,-3.62,8.76,-1.34,-3.62,8.76,-1.34,-3.62,8.89,-1.42,-3.62,8.89,-1.42,
-6.59,13.73,6.90,-6.59,13.73,6.90,-7.92,6.79,-3.54,-7.92,6.79,-3.54,-8.46,6.85,-3.78,-8.46,6.85,-3.78,
-4.75,11.05,1.60,-4.75,11.05,1.60,-5.06,8.69,-4.27,-5.06,8.69,-4.27,-4.90,8.51,-4.36,-4.90,8.51,-4.36,
-2.87,7.70,-0.20,-2.87,7.70,-0.20,-5.87,4.63,-0.51,-5.87,4.63,-0.51,-6.14,4.58,-0.78,-6.14,4.58,-0.78,
-4.13,7.98,1.80,-4.13,7.98,1.80,-5.63,5.34,-3.89,-5.63,5.34,-3.89,-5.40,5.32,-4.12,-5.40,5.32,-4.12,
-5.93,9.50,-1.11,-5.93,9.50,-1.11,-6.81,5.51,-5.96,-6.81,5.51,-5.96,-6.54,5.53,-5.86,-6.54,5.53,-5.86,
-4.04,8.33,-1.23,-4.04,8.33,-1.23,-4.85,5.54,-4.50,-4.85,5.54,-4.50,-4.79,6.26,-3.96,-4.79,6.26,-3.96,
-4.44,7.48,-2.69,-4.44,7.48,-2.69,-5.59,5.26,-5.70,-5.59,5.26,-5.70,-5.66,5.18,-5.71,-5.66,5.18,-5.71,
-4.03,7.94,-2.62,-4.03,7.94,-2.62,-6.41,4.39,-5.16,-6.41,4.39,-5.16,-6.40,4.41,-5.23,-6.40,4.41,-5.23,
-4.32,8.33,-1.94,-4.32,8.33,-1.94,-5.85,4.48,-5.77,-5.85,4.48,-5.77,-5.68,4.51,-5.64,-5.68,4.51,-5.64,
-4.69,8.13,-2.50,-4.69,8.13,-2.50,-6.55,4.52,-5.39,-6.55,4.52,-5.39,-6.67,4.47,-5.41,-6.67,4.47,-5.41,
-5.13,8.01,-2.56,-5.13,8.01,-2.56,-6.64,4.40,-5.24,-6.64,4.40,-5.24,-6.72,4.45,-5.17,-6.72,4.45,-5.17,
-4.80,8.62,-2.11,-4.80,8.62,-2.11,-6.64,5.02,-5.34,-6.64,5.02,-5.34,-6.52,5.01,-5.28,-6.52,5.01,-5.28,
-4.24,6.50,-0.81,-4.24,6.50,-0.81,-4.06,4.82,-4.65,-4.06,4.82,-4.65,-4.00,4.91,-4.51,-4.00,4.91,-4.51,
-4.05,9.57,0.78,-4.05,9.57,0.78,-5.93,5.69,-3.60,-5.93,5.69,-3.60,-6.00,5.53,-3.73,-6.00,5.53,-3.73,
-3.60,10.43,4.13,-3.60,10.43,4.13,-5.92,7.08,-1.25,-5.92,7.08,-1.25,-6.09,7.47,-1.31,-6.09,7.47,-1.31,
-7.35,4.28,4.39,-7.35,4.28,4.39,-6.09,9.29,-0.12,-6.09,9.29,-0.12,-6.11,9.19,-0.30,-6.11,9.19,-0.30,
-7.21,3.16,4.33,-7.21,3.16,4.33,-4.30,9.11,-0.59,-4.30,9.11,-0.59,-3.95,9.05,-0.51,-3.95,9.05,-0.51,

-2.02,5.33,7.81,-2.02,5.33,7.81,-1.85,9.31,-1.83,-1.85,9.31,-1.83,-1.96,9.31,-1.71,-1.96,9.31,-1.71,
-2.04,5.15,7.67,-2.04,5.15,7.67,-1.76,9.27,-1.83,-1.76,9.27,-1.83,-1.75,9.30,-1.85,-1.75,9.30,-1.85,
-2.00,5.34,7.77,-2.00,5.34,7.77,-1.76,9.30,-1.94,-1.76,9.30,-1.94,-1.70,9.40,-1.82,-1.70,9.40,-1.82,
-2.65,5.64,7.17,-2.65,5.64,7.17,-2.46,9.72,-1.67,-2.46,9.72,-1.67,-2.53,9.73,-1.69,-2.53,9.73,-1.69,
-3.29,7.80,4.91,-3.29,7.80,4.91,-3.15,9.49,-2.05,-3.15,9.49,-2.05,-3.39,9.51,-2.06,-3.39,9.51,-2.06,
-3.29,10.69,4.45,-3.29,10.69,4.45,-3.86,9.47,-3.43,-3.86,9.47,-3.43,-3.74,9.46,-3.45,-3.74,9.46,-3.45,
-2.78,11.04,2.30,-2.78,11.04,2.30,-5.25,7.98,-3.94,-5.25,7.98,-3.94,-5.47,7.90,-3.94,-5.47,7.90,-3.94,
-1.90,9.96,-0.60,-1.90,9.96,-0.60,-4.23,6.63,-3.60,-4.23,6.63,-3.60,-4.27,6.64,-3.63,-4.27,6.64,-3.63,
-2.76,9.63,-0.83,-2.76,9.63,-0.83,-6.27,5.18,-4.56,-6.27,5.18,-4.56,-6.32,4.88,-4.98,-6.32,4.88,-4.98,
-2.27,9.00,-3.15,-2.27,9.00,-3.15,-5.45,4.26,-5.46,-5.45,4.26,-5.46,-5.59,4.54,-5.18,-5.59,4.54,-5.18,
-2.89,7.15,-2.96,-2.89,7.15,-2.96,-5.13,4.01,-5.86,-5.13,4.01,-5.86,-5.14,4.13,-5.66,-5.14,4.13,-5.66,
-3.75,7.44,-3.80,-3.75,7.44,-3.80,-4.93,3.84,-6.51,-4.93,3.84,-6.51,-4.86,3.80,-6.81,-4.86,3.80,-6.81,
-4.77,7.13,-4.22,-4.77,7.13,-4.22,-5.44,3.07,-6.91,-5.44,3.07,-6.91,-5.55,3.09,-6.94,-5.55,3.09,-6.94,
-5.12,7.26,-3.36,-5.12,7.26,-3.36,-5.54,2.84,-6.68,-5.54,2.84,-6.68,-5.68,2.82,-6.64,-5.68,2.82,-6.64,
-4.88,7.76,-2.90,-4.88,7.76,-2.90,-5.81,3.56,-6.56,-5.81,3.56,-6.56,-5.70,3.56,-6.57,-5.70,3.56,-6.57,
-5.17,8.01,-3.09,-5.17,8.01,-3.09,-6.83,3.39,-6.01,-6.83,3.39,-6.01,-6.86,3.41,-5.90,-6.86,3.41,-5.90,
-5.30,7.66,-3.77,-5.30,7.66,-3.77,-6.61,3.66,-6.10,-6.61,3.66,-6.10,-6.64,3.74,-6.09,-6.64,3.74,-6.09,
-5.36,8.36,-3.29,-5.36,8.36,-3.29,-6.57,4.60,-6.12,-6.57,4.60,-6.12,-6.60,4.62,-5.94,-6.60,4.62,-5.94,
-4.26,8.32,-2.27,-4.26,8.32,-2.27,-6.03,4.86,-5.34,-6.03,4.86,-5.34,-6.00,4.86,-5.21,-6.00,4.86,-5.21,
-2.43,7.87,1.05,-2.43,7.87,1.05,-3.65,5.30,-3.46,-3.65,5.30,-3.46,-3.52,5.30,-3.50,-3.52,5.30,-3.50,
0.26,10.96,3.74,0.26,10.96,3.74,-5.07,6.97,-3.08,-5.07,6.97,-3.08,-5.32,7.03,-3.12,-5.32,7.03,-3.12,
-5.00,5.80,6.17,-5.00,5.80,6.17,-8.84,10.92,1.20,-8.84,10.92,1.20,-8.58,10.54,1.07,-8.58,10.54,1.07,
-7.18,5.20,6.14,-7.18,5.20,6.14,-5.29,10.77,-1.98,-5.29,10.77,-1.98,-5.68,10.15,-2.06,-5.68,10.15,-2.06,

-2.87,4.68,7.73,-2.87,4.68,7.73,-1.60,9.30,-2.03,-1.60,9.30,-2.03,-1.66,9.31,-2.21,-1.66,9.31,-2.21,
-2.65,5.13,7.93,-2.65,5.13,7.93,-1.44,9.25,-2.51,-1.44,9.25,-2.51,-1.44,9.27,-2.38,-1.44,9.27,-2.38,
-2.81,5.32,8.07,-2.81,5.32,8.07,-1.47,9.46,-2.53,-1.47,9.46,-2.53,-1.42,9.46,-2.59,-1.42,9.46,-2.59,
-2.81,4.88,8.00,-2.81,4.88,8.00,-1.32,9.29,-1.97,-1.32,9.29,-1.97,-1.32,9.31,-2.08,-1.32,9.31,-2.08,
-2.72,4.70,7.90,-2.72,4.70,7.90,-1.15,9.46,-2.05,-1.15,9.46,-2.05,-1.11,9.48,-1.98,-1.11,9.48,-1.98,
-4.48,6.19,7.25,-4.48,6.19,7.25,-3.19,10.22,-2.61,-3.19,10.22,-2.61,-3.16,10.23,-2.64,-3.16,10.23,-2.64,
-5.73,6.54,4.60,-5.73,6.54,4.60,-4.61,9.95,-2.10,-4.61,9.95,-2.10,-4.63,9.90,-2.14,-4.63,9.90,-2.14,
-3.51,11.70,4.85,-3.51,11.70,4.85,-4.23,7.90,-3.67,-4.23,7.90,-3.67,-4.47,7.72,-3.88,-4.47,7.72,-3.88,
-3.67,10.93,1.03,-3.67,10.93,1.03,-6.11,5.22,-4.00,-6.11,5.22,-4.00,-5.91,5.15,-3.67,-5.91,5.15,-3.67,
-4.82,8.58,-0.12,-4.82,8.58,-0.12,-7.69,3.36,-2.52,-7.69,3.36,-2.52,-7.91,3.12,-2.75,-7.91,3.12,-2.75,
-4.24,7.09,-2.62,-4.24,7.09,-2.62,-5.03,3.12,-5.35,-5.03,3.12,-5.35,-5.28,3.08,-5.44,-5.28,3.08,-5.44,
-5.21,6.93,-2.37,-5.21,6.93,-2.37,-6.39,3.41,-5.68,-6.39,3.41,-5.68,-6.39,3.39,-5.69,-6.39,3.39,-5.69,
-4.44,7.72,-2.48,-4.44,7.72,-2.48,-6.35,3.82,-5.69,-6.35,3.82,-5.69,-6.26,3.79,-5.66,-6.26,3.79,-5.66,
-4.81,7.95,-3.33,-4.81,7.95,-3.33,-6.39,3.81,-5.94,-6.39,3.81,-5.94,-6.42,3.80,-5.93,-6.42,3.80,-5.93,
-5.28,8.47,-3.56,-5.28,8.47,-3.56,-6.88,4.03,-6.42,-6.88,4.03,-6.42,-6.83,3.85,-6.40,-6.83,3.85,-6.40,
-4.73,8.00,-2.52,-4.73,8.00,-2.52,-6.14,3.98,-6.03,-6.14,3.98,-6.03,-6.05,4.01,-5.91,-6.05,4.01,-5.91,

-3.56,3.84,8.40,-3.56,3.84,8.40,-1.57,9.47,-1.94,-1.57,9.47,-1.94,-1.60,9.50,-1.97,-1.60,9.50,-1.97,
-3.74,4.02,8.41,-3.74,4.02,8.41,-1.69,9.50,-2.29,-1.69,9.50,-2.29,-1.71,9.51,-2.13,-1.71,9.51,-2.13,
-3.77,3.82,8.13,-3.77,3.82,8.13,-1.55,9.40,-2.00,-1.55,9.40,-2.00,-1.62,9.42,-2.11,-1.62,9.42,-2.11,
-3.99,3.64,6.94,-3.99,3.64,6.94,-2.43,9.92,-1.47,-2.43,9.92,-1.47,-2.52,9.99,-1.43,-2.52,9.99,-1.43,
-4.60,5.54,4.71,-4.60,5.54,4.71,-3.61,10.35,-0.92,-3.61,10.35,-0.92,-3.66,10.27,-0.99,-3.66,10.27,-0.99,
-2.31,10.08,4.40,-2.31,10.08,4.40,-4.86,9.59,-3.03,-4.86,9.59,-3.03,-4.80,9.61,-3.02,-4.80,9.61,-3.02,
-1.54,8.56,0.09,-1.54,8.56,0.09,-5.07,6.49,-2.94,-5.07,6.49,-2.94,-5.10,6.21,-2.54,-5.10,6.21,-2.54,
-1.01,13.02,-1.26,-1.01,13.02,-1.26,-5.05,5.87,-5.19,-5.05,5.87,-5.19,-5.03,5.39,-5.15,-5.03,5.39,-5.15,
-2.36,11.91,-0.80,-2.36,11.91,-0.80,-8.51,5.45,-5.45,-8.51,5.45,-5.45,-8.64,5.47,-4.87,-8.64,5.47,-4.87,
-2.99,7.33,-1.89,-2.99,7.33,-1.89,-4.84,4.67,-4.15,-4.84,4.67,-4.15,-4.79,4.63,-4.10,-4.79,4.63,-4.10,
-3.41,7.34,-3.32,-3.41,7.34,-3.32,-6.45,3.63,-4.71,-6.45,3.63,-4.71,-6.55,3.81,-4.76,-6.55,3.81,-4.76,
-4.00,7.60,-3.21,-4.00,7.60,-3.21,-7.23,3.81,-4.59,-7.23,3.81,-4.59,-7.14,3.92,-4.66,-7.14,3.92,-4.66,
-4.40,8.79,-3.24,-4.40,8.79,-3.24,-7.23,4.74,-5.58,-7.23,4.74,-5.58,-7.17,4.70,-5.59,-7.17,4.70,-5.59,
-4.24,8.40,-3.38,-4.24,8.40,-3.38,-6.45,4.30,-5.94,-6.45,4.30,-5.94,-6.34,4.44,-6.17,-6.34,4.44,-6.17,
-3.34,8.77,1.02,-3.34,8.77,1.02,-3.41,4.91,-5.18,-3.41,4.91,-5.18,-3.40,4.78,-4.89,-3.40,4.78,-4.89,
-3.32,9.37,1.99,-3.32,9.37,1.99,-7.17,4.27,-2.41,-7.17,4.27,-2.41,-7.34,4.45,-2.30,-7.34,4.45,-2.30,
-4.96,6.61,3.20,-4.96,6.61,3.20,-6.59,7.46,-2.21,-6.59,7.46,-2.21,-7.00,7.60,-2.36,-7.00,7.60,-2.36,
-7.42,4.79,4.61,-7.42,4.79,4.61,-8.47,7.24,-0.50,-8.47,7.24,-0.50,-8.53,7.44,-0.37,-8.53,7.44,-0.37,

0.27,5.49,8.52,0.27,5.49,8.52,-1.38,9.64,-2.29,-1.38,9.64,-2.29,-1.38,9.62,-2.42,-1.38,9.62,-2.42,
0.02,4.96,8.09,0.02,4.96,8.09,-1.53,9.44,-1.84,-1.53,9.44,-1.84,-1.53,9.45,-1.81,-1.53,9.45,-1.81,
-0.19,5.03,8.06,-0.19,5.03,8.06,-1.55,9.27,-2.00,-1.55,9.27,-2.00,-1.58,9.27,-2.01,-1.58,9.27,-2.01,
-2.84,4.78,4.55,-2.84,4.78,4.55,-3.77,10.21,-0.56,-3.77,10.21,-0.56,-3.74,10.14,-0.54,-3.74,10.14,-0.54,
-1.13,12.26,1.81,-1.13,12.26,1.81,-3.85,9.20,-2.51,-3.85,9.20,-2.51,-3.79,9.16,-2.52,-3.79,9.16,-2.52,
2.15,12.79,4.03,2.15,12.79,4.03,-4.79,9.04,-4.77,-4.79,9.04,-4.77,-4.95,9.06,-4.60,-4.95,9.06,-4.60,
-1.25,8.21,0.62,-1.25,8.21,0.62,-5.25,4.41,-1.30,-5.25,4.41,-1.30,-5.49,4.38,-1.24,-5.49,4.38,-1.24,
-1.18,9.46,-3.16,-1.18,9.46,-3.16,-5.53,4.93,-5.66,-5.53,4.93,-5.66,-5.52,4.89,-5.70,-5.52,4.89,-5.70,
-3.21,7.98,-3.10,-3.21,7.98,-3.10,-6.44,3.60,-5.29,-6.44,3.60,-5.29,-6.39,3.64,-5.15,-6.39,3.64,-5.15,
-3.62,7.60,-3.41,-3.62,7.60,-3.41,-6.31,4.00,-4.98,-6.31,4.00,-4.98,-6.44,4.02,-5.01,-6.44,4.02,-5.01,
-5.20,7.55,-3.38,-5.20,7.55,-3.38,-7.12,3.36,-5.43,-7.12,3.36,-5.43,-7.14,3.45,-5.37,-7.14,3.45,-5.37,
-4.36,8.14,-2.78,-4.36,8.14,-2.78,-7.11,3.92,-5.16,-7.11,3.92,-5.16,-7.10,3.87,-5.14,-7.10,3.87,-5.14,
-3.86,8.54,-2.99,-3.86,8.54,-2.99,-6.54,4.16,-5.57,-6.54,4.16,-5.57,-6.51,4.14,-5.47,-6.51,4.14,-5.47,
-3.91,8.43,-2.77,-3.91,8.43,-2.77,-6.11,4.66,-5.96,-6.11,4.66,-5.96,-6.04,4.65,-5.87,-6.04,4.65,-5.87,
-3.59,7.24,-1.13,-3.59,7.24,-1.13,-3.61,4.02,-4.64,-3.61,4.02,-4.64,-3.73,3.95,-4.65,-3.73,3.95,-4.65,
-3.44,9.59,2.29,-3.44,9.59,2.29,-7.30,4.24,-1.64,-7.30,4.24,-1.64,-7.28,4.45,-1.37,-7.28,4.45,-1.37,
-5.06,6.83,6.28,-5.06,6.83,6.28,-1.39,12.69,-0.46,-1.39,12.69,-0.46,-1.64,12.31,-1.33,-1.64,12.31,-1.33,

2.39,4.87,7.71,2.39,4.87,7.71,-1.26,9.42,-2.02,-1.26,9.42,-2.02,-1.28,9.43,-2.07,-1.28,9.43,-2.07,
2.41,5.03,7.99,2.41,5.03,7.99,-1.31,9.62,-2.25,-1.31,9.62,-2.25,-1.33,9.57,-2.23,-1.33,9.57,-2.23,
2.01,5.21,7.93,2.01,5.21,7.93,-1.69,9.34,-2.10,-1.69,9.34,-2.10,-1.72,9.40,-2.15,-1.72,9.40,-2.15,
-1.41,6.19,7.00,-1.41,6.19,7.00,-3.68,10.45,-1.86,-3.68,10.45,-1.86,-3.62,10.46,-1.96,-3.62,10.46,-1.96,
-0.47,7.91,4.47,-0.47,7.91,4.47,-3.33,9.95,-3.15,-3.33,9.95,-3.15,-3.32,10.08,-3.00,-3.32,10.08,-3.00,
0.27,12.39,3.47,0.27,12.39,3.47,-4.70,10.39,-5.88,-4.70,10.39,-5.88,-4.83,10.34,-5.62,-4.83,10.34,-5.62,
-1.11,7.28,1.98,-1.11,7.28,1.98,-3.13,4.86,-3.56,-3.13,4.86,-3.56,-3.29,4.65,-3.48,-3.29,4.65,-3.48,
-1.81,9.79,-1.93,-1.81,9.79,-1.93,-5.00,4.07,-6.16,-5.00,4.07,-6.16,-5.05,4.06,-6.21,-5.05,4.06,-6.21,
-3.89,8.95,-2.89,-3.89,8.95,-2.89,-5.92,3.91,-7.49,-5.92,3.91,-7.49,-5.67,3.51,-7.57,-5.67,3.51,-7.57,
-5.03,5.49,-2.46,-5.03,5.49,-2.46,-5.69,2.41,-5.61,-5.69,2.41,-5.61,-5.77,2.35,-5.49,-5.77,2.35,-5.49,
-5.08,7.13,-3.88,-5.08,7.13,-3.88,-6.04,2.83,-6.72,-6.04,2.83,-6.72,-5.90,2.73,-6.93,-5.90,2.73,-6.93,
-4.60,6.83,-2.42,-4.60,6.83,-2.42,-6.06,2.92,-6.11,-6.06,2.92,-6.11,-5.90,2.97,-6.19,-5.90,2.97,-6.19,
-4.87,8.82,-3.44,-4.87,8.82,-3.44,-5.69,4.53,-7.30,-5.69,4.53,-7.30,-5.69,4.47,-7.46,-5.69,4.47,-7.46,
-4.72,7.90,-3.55,-4.72,7.90,-3.55,-6.10,3.53,-6.68,-6.10,3.53,-6.68,-6.10,3.53,-6.60,-6.10,3.53,-6.60,
-4.90,8.32,-2.71,-4.90,8.32,-2.71,-5.93,4.17,-6.61,-5.93,4.17,-6.61,-6.01,4.14,-6.46,-6.01,4.14,-6.46,
-4.40,7.13,-2.07,-4.40,7.13,-2.07,-3.51,3.77,-6.05,-3.51,3.77,-6.05,-3.46,3.81,-5.83,-3.46,3.81,-5.83,
-2.72,8.32,1.54,-2.72,8.32,1.54,-5.98,4.14,-1.95,-5.98,4.14,-1.95,-6.03,4.06,-1.91,-6.03,4.06,-1.91,
-3.88,7.56,6.37,-3.88,7.56,6.37,-8.41,13.98,2.68,-8.41,13.98,2.68,-7.56,14.53,2.99,-7.56,14.53,2.99,

3.36,5.69,7.25,3.36,5.69,7.25,-1.38,9.47,-2.26,-1.38,9.47,-2.26,-1.35,9.46,-2.26,-1.35,9.46,-2.26,
3.32,5.67,7.03,3.32,5.67,7.03,-1.47,9.37,-2.29,-1.47,9.37,-2.29,-1.50,9.35,-2.27,-1.50,9.35,-2.27,
3.38,5.56,7.12,3.38,5.56,7.12,-1.41,9.39,-2.39,-1.41,9.39,-2.39,-1.34,9.39,-2.36,-1.34,9.39,-2.36,
1.86,6.86,7.25,1.86,6.86,7.25,-2.86,9.28,-2.21,-2.86,9.28,-2.21,-2.96,9.25,-2.16,-2.96,9.25,-2.16,
-4.51,7.10,7.41,-4.51,7.10,7.41,-5.58,10.09,-3.06,-5.58,10.09,-3.06,-5.79,10.22,-2.83,-5.79,10.22,-2.83,
0.99,13.26,5.61,0.99,13.26,5.61,-3.52,11.65,-2.83,-3.52,11.65,-2.83,-3.29,11.73,-2.62,-3.29,11.73,-2.62,
2.62,10.42,2.68,2.62,10.42,2.68,-7.92,2.11,-1.57,-7.92,2.11,-1.57,-8.97,1.24,-1.54,-8.97,1.24,-1.54,
-1.45,8.32,-0.91,-1.45,8.32,-0.91,-4.64,4.05,-3.85,-4.64,4.05,-3.85,-4.84,4.21,-3.90,-4.84,4.21,-3.90,
-3.59,8.97,-3.24,-3.59,8.97,-3.24,-4.70,3.67,-7.99,-4.70,3.67,-7.99,-4.71,3.57,-8.02,-4.71,3.57,-8.02,
-3.77,7.67,-2.16,-3.77,7.67,-2.16,-6.08,2.34,-5.76,-6.08,2.34,-5.76,-6.27,2.48,-5.84,-6.27,2.48,-5.84,
-4.86,7.68,-2.61,-4.86,7.68,-2.61,-6.09,3.08,-6.79,-6.09,3.08,-6.79,-6.02,3.15,-6.79,-6.02,3.15,-6.79,
-5.11,7.72,-1.87,-5.11,7.72,-1.87,-6.54,3.61,-5.89,-6.54,3.61,-5.89,-6.46,3.64,-5.39,-6.46,3.64,-5.39,
-4.74,9.11,-2.50,-4.74,9.11,-2.50,-7.80,3.49,-5.99,-7.80,3.49,-5.99,-7.66,3.59,-6.03,-7.66,3.59,-6.03,
-4.81,8.51,-2.04,-4.81,8.51,-2.04,-6.34,3.76,-5.87,-6.34,3.76,-5.87,-6.33,3.76,-5.97,-6.33,3.76,-5.97,
-4.87,8.45,-1.83,-4.87,8.45,-1.83,-7.26,3.74,-5.25,-7.26,3.74,-5.25,-7.31,3.70,-5.25,-7.31,3.70,-5.25,
-4.32,6.97,-0.66,-4.32,6.97,-0.66,-5.37,3.54,-4.73,-5.37,3.54,-4.73,-5.35,3.58,-4.62,-5.35,3.58,-4.62,
-3.36,5.77,-0.41,-3.36,5.77,-0.41,-5.30,4.62,-3.43,-5.30,4.62,-3.43,-5.63,4.54,-3.36,-5.63,4.54,-3.36,
-0.44,8.97,3.70,-0.44,8.97,3.70,-6.27,5.72,-0.98,-6.27,5.72,-0.98,-6.37,6.02,-0.96,-6.37,6.02,-0.96,
-3.37,6.75,9.45,-3.37,6.75,9.45,-7.45,10.83,0.48,-7.45,10.83,0.48,-7.85,10.93,0.66,-7.85,10.93,0.66,

1.92,6.13,7.05,1.92,6.13,7.05,-3.71,9.33,-1.89,-3.71,9.33,-1.89,-3.67,9.28,-1.82,-3.67,9.28,-1.82,
1.86,7.03,6.19,1.86,7.03,6.19,-2.97,8.35,-2.59,-2.97,8.35,-2.59,-3.04,8.20,-2.55,-3.04,8.20,-2.55,
3.69,7.88,5.85,3.69,7.88,5.85,-1.79,10.12,-3.27,-1.79,10.12,-3.27,-2.12,10.17,-3.27,-2.12,10.17,-3.27,
3.13,7.20,5.15,3.13,7.20,5.15,-2.33,8.15,-2.45,-2.33,8.15,-2.45,-2.37,8.20,-2.43,-2.37,8.20,-2.43,
1.26,9.67,4.22,1.26,9.67,4.22,-2.91,9.68,-3.95,-2.91,9.68,-3.95,-2.83,9.65,-4.02,-2.83,9.65,-4.02,
2.50,13.38,0.52,2.50,13.38,0.52,-4.81,10.10,-6.35,-4.81,10.10,-6.35,-4.57,10.17,-6.43,-4.57,10.17,-6.43,
0.08,6.99,1.79,0.08,6.99,1.79,-3.08,6.17,1.28,-3.08,6.17,1.28,-2.76,6.22,0.44,-2.76,6.22,0.44,
-1.01,10.59,-0.61,-1.01,10.59,-0.61,-3.70,5.83,-8.53,-3.70,5.83,-8.53,-3.90,5.91,-8.78,-3.90,5.91,-8.78,
0.59,8.69,-2.60,0.59,8.69,-2.60,-3.13,2.46,-5.87,-3.13,2.46,-5.87,-3.47,2.52,-5.68,-3.47,2.52,-5.68,
-1.44,8.38,-2.98,-1.44,8.38,-2.98,-4.79,3.31,-6.61,-4.79,3.31,-6.61,-5.17,3.38,-6.75,-5.17,3.38,-6.75,
-3.67,8.60,-4.33,-3.67,8.60,-4.33,-5.63,2.96,-7.88,-5.63,2.96,-7.88,-5.72,2.99,-7.81,-5.72,2.99,-7.81,
-5.42,8.09,-3.09,-5.42,8.09,-3.09,-5.69,3.54,-7.27,-5.69,3.54,-7.27,-5.63,3.54,-7.44,-5.63,3.54,-7.44,
-4.88,8.08,-1.88,-4.88,8.08,-1.88,-6.13,3.08,-6.36,-6.13,3.08,-6.36,-6.15,3.15,-6.36,-6.15,3.15,-6.36,
-3.53,8.00,-1.30,-3.53,8.00,-1.30,-6.30,3.23,-5.49,-6.30,3.23,-5.49,-6.31,3.22,-5.57,-6.31,3.22,-5.57,
-3.78,6.84,-0.95,-3.78,6.84,-0.95,-4.99,2.62,-5.20,-4.99,2.62,-5.20,-4.96,2.62,-5.25,-4.96,2.62,-5.25,
-1.78,8.68,0.75,-1.78,8.68,0.75,-7.42,3.81,-2.81,-7.42,3.81,-2.81,-7.48,3.71,-2.85,-7.48,3.71,-2.85,

3.14,4.99,6.84,3.14,4.99,6.84,-2.58,8.83,-0.40,-2.58,8.83,-0.40,-2.60,8.82,-0.34,-2.60,8.82,-0.34,
1.98,6.84,7.22,1.98,6.84,7.22,-4.04,9.31,-1.80,-4.04,9.31,-1.80,-4.03,9.35,-1.90,-4.03,9.35,-1.90,
-1.79,9.12,5.71,-1.79,9.12,5.71,-6.85,10.18,-2.44,-6.85,10.18,-2.44,-6.71,10.12,-2.40,-6.71,10.12,-2.40,
-3.50,11.67,6.05,-3.50,11.67,6.05,-6.14,7.78,-6.19,-6.14,7.78,-6.19,-6.48,7.65,-6.02,-6.48,7.65,-6.02,
-1.30,11.69,2.81,-1.30,11.69,2.81,-4.09,6.47,-5.45,-4.09,6.47,-5.45,-4.24,6.55,-5.81,-4.24,6.55,-5.81,
-2.28,8.66,0.40,-2.28,8.66,0.40,-6.04,3.94,-4.46,-6.04,3.94,-4.46,-5.89,3.95,-4.62,-5.89,3.95,-4.62,
-2.81,7.36,-1.51,-2.81,7.36,-1.51,-5.67,3.86,-5.09,-5.67,3.86,-5.09,-5.81,3.79,-5.16,-5.81,3.79,-5.16,
-3.66,8.22,-2.38,-3.66,8.22,-2.38,-6.59,3.25,-5.65,-6.59,3.25,-5.65,-6.62,3.32,-5.60,-6.62,3.32,-5.60,
-4.56,8.61,-2.97,-4.56,8.61,-2.97,-6.65,3.73,-6.58,-6.65,3.73,-6.58,-6.65,3.76,-6.34,-6.65,3.76,-6.34,
-4.58,8.32,-2.75,-4.58,8.32,-2.75,-7.08,3.69,-5.67,-7.08,3.69,-5.67,-7.09,3.67,-5.53,-7.09,3.67,-5.53,
-4.19,8.43,-2.90,-4.19,8.43,-2.90,-6.77,3.73,-5.57,-6.77,3.73,-5.57,-6.71,3.71,-5.65,-6.71,3.71,-5.65,
-3.90,7.42,-2.38,-3.90,7.42,-2.38,-5.90,3.30,-5.24,-5.90,3.30,-5.24,-5.80,3.27,-5.17,-5.80,3.27,-5.17,
-3.06,9.30,0.53,-3.06,9.30,0.53,-6.62,3.13,-3.48,-6.62,3.13,-3.48,-6.69,3.13,-3.50,-6.69,3.13,-3.50,
-2.44,11.06,3.23,-2.44,11.06,3.23,-7.65,5.59,-2.66,-7.65,5.59,-2.66,-7.61,5.66,-2.49,-7.61,5.66,-2.49,

1.78,5.21,6.90,1.78,5.21,6.90,-2.47,8.95,-1.72,-2.47,8.95,-1.72,-2.53,8.93,-1.70,-2.53,8.93,-1.70,
1.15,5.24,7.83,1.15,5.24,7.83,-2.87,9.26,-1.65,-2.87,9.26,-1.65,-2.82,9.28,-1.58,-2.82,9.28,-1.58,
0.69,5.97,8.68,0.69,5.97,8.68,-3.18,9.66,-1.76,-3.18,9.66,-1.76,-3.07,9.72,-1.68,-3.07,9.72,-1.68,
-1.37,6.52,4.16,-1.37,6.52,4.16,-3.65,9.17,-2.77,-3.65,9.17,-2.77,-3.46,9.33,-2.79,-3.46,9.33,-2.79,
-1.67,12.73,3.67,-1.67,12.73,3.67,-5.64,8.87,-3.97,-5.64,8.87,-3.97,-5.70,9.03,-4.12,-5.70,9.03,-4.12,
-3.00,12.40,3.44,-3.00,12.40,3.44,-5.98,5.16,-6.01,-5.98,5.16,-6.01,-5.93,5.20,-6.31,-5.93,5.20,-6.31,
-5.01,8.92,1.46,-5.01,8.92,1.46,-6.38,4.39,-4.69,-6.38,4.39,-4.69,-6.28,4.46,-4.46,-6.28,4.46,-4.46,
-4.19,6.52,0.12,-4.19,6.52,0.12,-6.26,3.50,-3.11,-6.26,3.50,-3.11,-6.38,3.52,-2.96,-6.38,3.52,-2.96,
-4.55,8.11,-0.67,-4.55,8.11,-0.67,-7.64,2.86,-4.57,-7.64,2.86,-4.57,-7.64,2.85,-4.35,-7.64,2.85,-4.35,
-5.50,7.89,-1.45,-5.50,7.89,-1.45,-7.49,3.26,-5.09,-7.49,3.26,-5.09,-7.47,3.34,-5.27,-7.47,3.34,-5.27,
-4.05,7.80,-2.53,-4.05,7.80,-2.53,-6.56,3.93,-5.29,-6.56,3.93,-5.29,-6.56,3.93,-5.23,-6.56,3.93,-5.23,
-4.97,8.65,-2.04,-4.97,8.65,-2.04,-7.24,3.88,-5.46,-7.24,3.88,-5.46,-7.25,3.90,-5.44,-7.25,3.90,-5.44,
-5.02,8.23,-1.98,-5.02,8.23,-1.98,-7.25,3.57,-5.27,-7.25,3.57,-5.27,-7.10,3.68,-5.22,-7.10,3.68,-5.22,
-4.53,7.97,-1.83,-4.53,7.97,-1.83,-6.62,4.14,-4.86,-6.62,4.14,-4.86,-6.65,4.13,-4.86,-6.65,4.13,-4.86,
-4.42,9.51,-0.30,-4.42,9.51,-0.30,-4.20,4.98,-4.57,-4.20,4.98,-4.57,-4.23,4.91,-4.70,-4.23,4.91,-4.70,
-3.16,7.43,4.44,-3.16,7.43,4.44,-5.94,3.38,-1.58,-5.94,3.38,-1.58,-5.37,2.75,-1.48,-5.37,2.75,-1.48,

-1.95,2.52,9.81,-1.95,2.52,9.81,-2.06,9.56,-0.66,-2.06,9.56,-0.66,-2.06,9.56,-0.86,-2.06,9.56,-0.86,
-2.10,2.25,9.37,-2.10,2.25,9.37,-1.90,10.19,-0.46,-1.90,10.19,-0.46,-1.78,10.16,-0.39,-1.78,10.16,-0.39,
-2.03,2.20,8.40,-2.03,2.20,8.40,-3.09,9.09,0.29,-3.09,9.09,0.29,-2.99,9.07,0.14,-2.99,9.07,0.14,
-3.75,3.30,5.29,-3.75,3.30,5.29,-4.30,9.67,0.05,-4.30,9.67,0.05,-4.16,9.64,0.00,-4.16,9.64,0.00,
-4.10,6.63,5.44,-4.10,6.63,5.44,-3.33,8.95,-1.87,-3.33,8.95,-1.87,-3.42,9.08,-1.73,-3.42,9.08,-1.73,
-2.35,9.45,4.13,-2.35,9.45,4.13,-4.60,7.53,-3.08,-4.60,7.53,-3.08,-4.78,7.72,-3.06,-4.78,7.72,-3.06,
-2.22,12.42,0.80,-2.22,12.42,0.80,-6.47,6.77,-5.34,-6.47,6.77,-5.34,-6.55,6.85,-5.41,-6.55,6.85,-5.41,
-3.36,9.02,0.54,-3.36,9.02,0.54,-6.20,4.27,-4.20,-6.20,4.27,-4.20,-6.18,4.32,-4.24,-6.18,4.32,-4.24,
-1.73,7.74,-1.46,-1.73,7.74,-1.46,-4.26,5.98,-4.50,-4.26,5.98,-4.50,-4.31,6.01,-4.28,-4.31,6.01,-4.28,
-2.60,8.45,-2.04,-2.60,8.45,-2.04,-5.98,4.60,-4.98,-5.98,4.60,-4.98,-5.98,4.45,-5.08,-5.98,4.45,-5.08,
-2.69,7.98,-2.45,-2.69,7.98,-2.45,-5.82,4.17,-4.80,-5.82,4.17,-4.80,-5.90,4.17,-4.85,-5.90,4.17,-4.85,
-2.55,9.23,-3.76,-2.55,9.23,-3.76,-5.06,6.42,-6.26,-5.06,6.42,-6.26,-5.20,6.43,-6.23,-5.20,6.43,-6.23,
-1.51,9.96,-5.10,-1.51,9.96,-5.10,-4.66,6.31,-6.91,-4.66,6.31,-6.91,-4.68,6.23,-6.93,-4.68,6.23,-6.93,
-1.39,9.33,-3.58,-1.39,9.33,-3.58,-4.76,6.37,-5.41,-4.76,6.37,-5.41,-4.86,6.36,-5.36,-4.86,6.36,-5.36,
-3.60,9.69,-1.28,-3.60,9.69,-1.28,-3.74,6.29,-6.25,-3.74,6.29,-6.25,-3.68,6.19,-6.37,-3.68,6.19,-6.37,
-0.48,11.32,3.98,-0.48,11.32,3.98,-4.52,5.31,-2.53,-4.52,5.31,-2.53,-4.55,5.20,-2.20,-4.55,5.20,-2.20,

-2.23,2.77,9.12,-2.23,2.77,9.12,-3.63,9.01,-1.06,-3.63,9.01,-1.06,-3.63,9.03,-1.10,-3.63,9.03,-1.10,
-2.05,2.43,8.96,-2.05,2.43,8.96,-3.39,8.96,-0.77,-3.39,8.96,-0.77,-3.35,9.05,-0.88,-3.35,9.05,-0.88,
-1.91,2.49,9.07,-1.91,2.49,9.07,-3.20,8.77,-0.72,-3.20,8.77,-0.72,-2.99,9.05,-0.89,-2.99,9.05,-0.89,
-2.87,2.34,7.93,-2.87,2.34,7.93,-4.37,9.80,-0.63,-4.37,9.80,-0.63,-4.43,9.81,-0.54,-4.43,9.81,-0.54,
-2.43,6.94,8.10,-2.43,6.94,8.10,-3.40,9.75,-1.96,-3.40,9.75,-1.96,-3.39,10.09,-1.80,-3.39,10.09,-1.80,
-1.67,12.87,8.43,-1.67,12.87,8.43,-3.42,8.48,-4.10,-3.42,8.48,-4.10,-3.59,8.49,-4.22,-3.59,8.49,-4.22,
-1.53,11.75,4.88,-1.53,11.75,4.88,-4.39,8.34,-3.93,-4.39,8.34,-3.93,-4.26,8.12,-4.13,-4.26,8.12,-4.13,
-1.12,10.40,1.56,-1.12,10.40,1.56,-3.74,7.13,-4.44,-3.74,7.13,-4.44,-3.88,7.10,-4.65,-3.88,7.10,-4.65,
-1.36,9.66,-0.07,-1.36,9.66,-0.07,-4.66,6.82,-4.52,-4.66,6.82,-4.52,-4.81,6.78,-4.47,-4.81,6.78,-4.47,
-1.19,9.68,-1.96,-1.19,9.68,-1.96,-6.45,5.70,-4.66,-6.45,5.70,-4.66,-6.53,5.52,-4.74,-6.53,5.52,-4.74,
-2.05,8.37,-2.44,-2.05,8.37,-2.44,-5.84,4.73,-4.77,-5.84,4.73,-4.77,-5.76,4.72,-4.78,-5.76,4.72,-4.78,
-3.00,8.66,-2.94,-3.00,8.66,-2.94,-6.11,4.84,-5.59,-6.11,4.84,-5.59,-6.06,4.86,-5.76,-6.06,4.86,-5.76,
-3.11,8.78,-2.80,-3.11,8.78,-2.80,-6.17,4.40,-5.78,-6.17,4.40,-5.78,-6.26,4.38,-5.74,-6.26,4.38,-5.74,
-2.89,9.09,-1.77,-2.89,9.09,-1.77,-5.85,4.22,-5.69,-5.85,4.22,-5.69,-5.79,4.19,-5.73,-5.79,4.19,-5.73,
-3.60,9.15,2.08,-3.60,9.15,2.08,-5.25,4.00,-4.61,-5.25,4.00,-4.61,-5.00,4.27,-4.80,-5.00,4.27,-4.80,

-0.91,4.86,8.27,-0.91,4.86,8.27,-4.51,8.39,-1.20,-4.51,8.39,-1.20,-4.45,8.57,-1.16,-4.45,8.57,-1.16,
0.19,6.07,7.77,0.19,6.07,7.77,-3.25,9.02,-2.49,-3.25,9.02,-2.49,-3.21,9.03,-2.33,-3.21,9.03,-2.33,
-1.72,5.66,6.56,-1.72,5.66,6.56,-4.07,8.65,-1.87,-4.07,8.65,-1.87,-4.20,8.77,-1.91,-4.20,8.77,-1.91,
-0.80,6.42,5.26,-0.80,6.42,5.26,-4.68,10.26,-1.73,-4.68,10.26,-1.73,-4.69,10.48,-1.70,-4.69,10.48,-1.70,
-0.86,15.66,3.02,-0.86,15.66,3.02,-6.04,8.77,-3.53,-6.04,8.77,-3.53,-6.38,8.80,-3.49,-6.38,8.80,-3.49,
-5.06,11.47,1.33,-5.06,11.47,1.33,-7.13,5.87,-4.69,-7.13,5.87,-4.69,-7.09,5.72,-4.63,-7.09,5.72,-4.63,
0.10,9.67,0.39,0.10,9.67,0.39,-5.51,5.27,-3.85,-5.51,5.27,-3.85,-5.48,4.83,-3.74,-5.48,4.83,-3.74,
-0.77,7.58,-2.42,-0.77,7.58,-2.42,-5.10,2.93,-4.87,-5.10,2.93,-4.87,-5.19,2.68,-5.47,-5.19,2.68,-5.47,
-0.82,8.90,-3.71,-0.82,8.90,-3.71,-5.12,4.67,-7.33,-5.12,4.67,-7.33,-5.10,4.61,-7.24,-5.10,4.61,-7.24,
-1.24,8.96,-4.35,-1.24,8.96,-4.35,-4.95,4.62,-7.08,-4.95,4.62,-7.08,-4.98,4.67,-7.07,-4.98,4.67,-7.07,
-0.76,8.79,-2.79,-0.76,8.79,-2.79,-4.42,5.19,-6.76,-4.42,5.19,-6.76,-4.43,5.19,-6.88,-4.43,5.19,-6.88,
1.03,9.13,-3.78,1.03,9.13,-3.78,-5.59,5.67,-4.52,-5.59,5.67,-4.52,-5.83,5.38,-4.47,-5.83,5.38,-4.47,
-0.79,10.47,0.50,-0.79,10.47,0.50,-5.28,5.51,-3.95,-5.28,5.51,-3.95,-5.51,5.34,-3.84,-5.51,5.34,-3.84,
-2.09,10.73,4.72,-2.09,10.73,4.72,-5.14,7.08,-2.69,-5.14,7.08,-2.69,-5.26,7.22,-2.75,-5.26,7.22,-2.75,
-3.75,7.20,5.41,-3.75,7.20,5.41,-6.04,8.01,-2.17,-6.04,8.01,-2.17,-6.23,8.25,-2.16,-6.23,8.25,-2.16,
-2.52,3.85,5.62,-2.52,3.85,5.62,-5.71,7.89,-1.67,-5.71,7.89,-1.67,-5.61,7.82,-1.82,-5.61,7.82,-1.82,

-1.14,3.33,8.73,-1.14,3.33,8.73,-4.70,8.19,-1.20,-4.70,8.19,-1.20,-4.66,8.23,-1.39,-4.66,8.23,-1.39,
-1.72,2.79,9.04,-1.72,2.79,9.04,-4.98,8.01,-0.71,-4.98,8.01,-0.71,-4.99,8.02,-0.64,-4.99,8.02,-0.64,
-2.00,2.90,9.06,-2.00,2.90,9.06,-5.37,8.39,-0.79,-5.37,8.39,-0.79,-5.37,8.35,-0.83,-5.37,8.35,-0.83,
-4.03,3.79,8.46,-4.03,3.79,8.46,-8.73,8.43,-0.70,-8.73,8.43,-0.70,-8.85,8.48,-0.71,-8.85,8.48,-0.71,
-3.30,6.29,6.75,-3.30,6.29,6.75,-6.38,7.69,-1.85,-6.38,7.69,-1.85,-6.26,7.70,-1.87,-6.26,7.70,-1.87,
-1.92,13.16,1.14,-1.92,13.16,1.14,-4.53,5.83,-3.32,-4.53,5.83,-3.32,-4.37,5.88,-3.35,-4.37,5.88,-3.35,
-2.69,9.41,1.63,-2.69,9.41,1.63,-6.66,3.64,-4.25,-6.66,3.64,-4.25,-6.39,3.70,-4.12,-6.39,3.70,-4.12,
-1.55,9.27,0.34,-1.55,9.27,0.34,-6.06,5.54,-3.86,-6.06,5.54,-3.86,-6.02,5.43,-3.68,-6.02,5.43,-3.68,
-1.64,9.52,-0.79,-1.64,9.52,-0.79,-7.47,5.15,-3.08,-7.47,5.15,-3.08,-7.43,5.17,-3.17,-7.43,5.17,-3.17,
-1.84,9.66,-1.51,-1.84,9.66,-1.51,-6.28,6.27,-4.44,-6.28,6.27,-4.44,-6.19,6.13,-4.41,-6.19,6.13,-4.41,
-0.69,9.58,-1.86,-0.69,9.58,-1.86,-5.82,6.48,-4.09,-5.82,6.48,-4.09,-5.85,6.47,-4.04,-5.85,6.47,-4.04,
-0.71,9.55,-1.99,-0.71,9.55,-1.99,-5.74,6.05,-4.60,-5.74,6.05,-4.60,-5.74,5.99,-4.76,-5.74,5.99,-4.76,
-0.72,9.30,-0.98,-0.72,9.30,-0.98,-5.10,6.42,-4.75,-5.10,6.42,-4.75,-5.06,6.48,-4.70,-5.06,6.48,-4.70,
-0.44,10.26,1.44,-0.44,10.26,1.44,-3.68,5.61,-4.64,-3.68,5.61,-4.64,-3.86,5.66,-4.47,-3.86,5.66,-4.47,
1.39,10.40,4.78,1.39,10.40,4.78,-5.63,6.34,-1.45,-5.63,6.34,-1.45,-5.69,6.43,-1.36,-5.69,6.43,-1.36,

-0.56,3.54,8.71,-0.56,3.54,8.71,-3.49,8.41,-1.39,-3.49,8.41,-1.39,-3.47,8.39,-1.31,-3.47,8.39,-1.31,
-3.95,1.43,6.63,-3.95,1.43,6.63,-4.74,8.77,0.70,-4.74,8.77,0.70,-4.82,8.83,0.64,-4.82,8.83,0.64,
-3.38,4.95,6.39,-3.38,4.95,6.39,-5.43,10.33,-1.08,-5.43,10.33,-1.08,-5.46,9.99,-1.33,-5.46,9.99,-1.33,
0.11,12.96,1.87,0.11,12.96,1.87,-2.42,7.87,-2.80,-2.42,7.87,-2.80,-2.40,7.95,-2.82,-2.40,7.95,-2.82,
-1.00,11.78,1.70,-1.00,11.78,1.70,-7.02,7.53,-3.26,-7.02,7.53,-3.26,-6.81,7.76,-3.33,-6.81,7.76,-3.33,
-2.57,9.92,2.69,-2.57,9.92,2.69,-7.48,7.79,-2.16,-7.48,7.79,-2.16,-7.38,7.58,-2.18,-7.38,7.58,-2.18,
-0.54,8.30,1.86,-0.54,8.30,1.86,-5.67,5.69,-2.10,-5.67,5.69,-2.10,-5.74,5.59,-2.17,-5.74,5.59,-2.17,
-0.02,9.29,-0.01,-0.02,9.29,-0.01,-5.83,5.39,-4.82,-5.83,5.39,-4.82,-5.84,5.43,-4.82,-5.84,5.43,-4.82,
0.05,9.54,-1.14,0.05,9.54,-1.14,-6.31,4.61,-5.01,-6.31,4.61,-5.01,-6.32,4.65,-4.80,-6.32,4.65,-4.80,
-1.21,8.64,-1.23,-1.21,8.64,-1.23,-5.95,4.75,-4.90,-5.95,4.75,-4.90,-5.98,4.77,-5.09,-5.98,4.77,-5.09,
-1.25,9.63,-1.41,-1.25,9.63,-1.41,-6.64,4.63,-5.15,-6.64,4.63,-5.15,-6.66,4.70,-5.15,-6.66,4.70,-5.15,
-1.62,9.32,-1.09,-1.62,9.32,-1.09,-6.29,4.99,-5.15,-6.29,4.99,-5.15,-6.33,4.96,-5.08,-6.33,4.96,-5.08,
-0.65,8.94,0.49,-0.65,8.94,0.49,-4.78,4.93,-4.63,-4.78,4.93,-4.63,-4.81,4.94,-4.70,-4.81,4.94,-4.70,
0.45,10.49,4.14,0.45,10.49,4.14,-4.62,5.38,-3.53,-4.62,5.38,-3.53,-4.73,5.32,-3.65,-4.73,5.32,-3.65,
0.64,9.34,4.44,0.64,9.34,4.44,-6.17,8.32,-1.20,-6.17,8.32,-1.20,-6.19,8.56,-1.31,-6.19,8.56,-1.31,

0.14,4.44,8.55,0.14,4.44,8.55,-3.92,8.72,-0.91,-3.92,8.72,-0.91,-3.91,8.69,-0.99,-3.91,8.69,-0.99,
-1.27,3.55,8.43,-1.27,3.55,8.43,-4.52,9.13,-0.24,-4.52,9.13,-0.24,-4.43,9.09,-0.19,-4.43,9.09,-0.19,
-1.44,4.82,6.93,-1.44,4.82,6.93,-5.73,9.79,0.09,-5.73,9.79,0.09,-5.52,9.83,0.01,-5.52,9.83,0.01,
-2.36,6.26,5.83,-2.36,6.26,5.83,-5.24,9.93,-1.60,-5.24,9.93,-1.60,-5.22,10.04,-1.61,-5.22,10.04,-1.61,
0.27,9.15,4.27,0.27,9.15,4.27,-5.31,8.20,-3.28,-5.31,8.20,-3.28,-5.42,8.01,-3.26,-5.42,8.01,-3.26,
-1.19,9.78,2.25,-1.19,9.78,2.25,-5.25,7.09,-4.82,-5.25,7.09,-4.82,-5.18,7.11,-4.88,-5.18,7.11,-4.88,
-1.91,8.15,0.20,-1.91,8.15,0.20,-4.95,5.61,-4.92,-4.95,5.61,-4.92,-4.79,5.51,-4.71,-4.79,5.51,-4.71,
-1.42,9.71,-1.03,-1.42,9.71,-1.03,-6.00,5.64,-5.00,-6.00,5.64,-5.00,-6.03,5.49,-5.14,-6.03,5.49,-5.14,
-2.17,9.78,-1.47,-2.17,9.78,-1.47,-6.35,4.33,-5.64,-6.35,4.33,-5.64,-5.99,4.28,-5.62,-5.99,4.28,-5.62,
-2.11,7.97,-1.53,-2.11,7.97,-1.53,-6.05,3.70,-4.66,-6.05,3.70,-4.66,-6.09,3.71,-4.75,-6.09,3.71,-4.75,
-2.48,9.14,-2.21,-2.48,9.14,-2.21,-6.45,4.33,-5.89,-6.45,4.33,-5.89,-6.48,4.31,-5.92,-6.48,4.31,-5.92,
-2.62,9.20,-1.64,-2.62,9.20,-1.64,-6.59,4.22,-5.53,-6.59,4.22,-5.53,-6.55,4.18,-5.49,-6.55,4.18,-5.49,
-2.21,8.63,-1.36,-2.21,8.63,-1.36,-5.68,4.21,-5.24,-5.68,4.21,-5.24,-5.60,4.16,-5.22,-5.60,4.16,-5.22,
0.18,9.44,1.33,0.18,9.44,1.33,-3.76,4.66,-4.96,-3.76,4.66,-4.96,-3.74,4.79,-5.04,-3.74,4.79,-5.04,
1.91,9.27,2.68,1.91,9.27,2.68,-6.14,5.53,-2.51,-6.14,5.53,-2.51,-6.04,5.64,-2.55,-6.04,5.64,-2.55,

2.67,5.90,7.40,2.67,5.90,7.40,-3.98,9.00,-0.76,-3.98,9.00,-0.76,-3.96,9.06,-0.72,-3.96,9.06,-0.72,
2.10,4.92,7.42,2.10,4.92,7.42,-3.41,9.37,-0.42,-3.41,9.37,-0.42,-3.59,9.41,-0.46,-3.59,9.41,-0.46,
1.06,4.33,7.03,1.06,4.33,7.03,-3.35,10.43,-0.20,-3.35,10.43,-0.20,-3.33,10.38,-0.14,-3.33,10.38,-0.14,
-0.05,8.16,4.23,-0.05,8.16,4.23,-2.37,9.19,-2.33,-2.37,9.19,-2.33,-2.34,9.09,-2.44,-2.34,9.09,-2.44,
-1.13,12.83,3.31,-1.13,12.83,3.31,-4.15,7.35,-4.19,-4.15,7.35,-4.19,-4.40,7.43,-4.30,-4.40,7.43,-4.30,
1.15,16.17,1.65,1.15,16.17,1.65,-5.84,8.46,-5.46,-5.84,8.46,-5.46,-5.76,8.36,-6.25,-5.76,8.36,-6.25,
-3.23,8.70,2.09,-3.23,8.70,2.09,-5.14,6.32,-0.03,-5.14,6.32,-0.03,-4.97,6.31,-0.57,-4.97,6.31,-0.57,
-2.16,7.42,0.45,-2.16,7.42,0.45,-6.08,4.54,-2.18,-6.08,4.54,-2.18,-6.20,4.54,-2.34,-6.20,4.54,-2.34,
-1.27,8.84,-0.86,-1.27,8.84,-0.86,-6.99,4.62,-3.61,-6.99,4.62,-3.61,-6.95,4.58,-3.53,-6.95,4.58,-3.53,
-1.47,9.28,-0.73,-1.47,9.28,-0.73,-6.98,4.64,-4.21,-6.98,4.64,-4.21,-6.96,4.65,-4.30,-6.96,4.65,-4.30,
-2.86,9.41,-0.59,-2.86,9.41,-0.59,-7.59,4.49,-4.23,-7.59,4.49,-4.23,-7.58,4.54,-4.29,-7.58,4.54,-4.29,
-3.02,8.61,-0.71,-3.02,8.61,-0.71,-7.43,4.47,-3.68,-7.43,4.47,-3.68,-7.48,4.49,-3.61,-7.48,4.49,-3.61,
-3.07,9.34,-1.06,-3.07,9.34,-1.06,-7.36,4.51,-4.58,-7.36,4.51,-4.58,-7.37,4.52,-4.56,-7.37,4.52,-4.56,
-3.47,8.76,-0.72,-3.47,8.76,-0.72,-6.45,4.50,-4.70,-6.45,4.50,-4.70,-6.37,4.53,-4.72,-6.37,4.53,-4.72,

4.95,5.88,5.96,4.95,5.88,5.96,-1.48,9.57,-1.20,-1.48,9.57,-1.20,-1.49,9.57,-1.31,-1.49,9.57,-1.31,
4.41,5.85,6.38,4.41,5.85,6.38,-2.70,9.33,-0.49,-2.70,9.33,-0.49,-2.72,9.36,-0.63,-2.72,9.36,-0.63,
3.38,6.63,6.57,3.38,6.63,6.57,-2.74,9.41,-1.58,-2.74,9.41,-1.58,-2.65,9.38,-1.57,-2.65,9.38,-1.57,
2.11,6.35,7.02,2.11,6.35,7.02,-3.44,9.04,-1.34,-3.44,9.04,-1.34,-3.22,9.04,-1.34,-3.22,9.04,-1.34,
0.21,6.81,5.68,0.21,6.81,5.68,-4.42,9.69,-1.46,-4.42,9.69,-1.46,-4.44,9.75,-1.46,-4.44,9.75,-1.46,
-1.25,9.30,5.15,-1.25,9.30,5.15,-6.92,8.49,-0.70,-6.92,8.49,-0.70,-6.96,8.69,-1.02,-6.96,8.69,-1.02,
0.87,11.44,2.60,0.87,11.44,2.60,-4.52,8.19,-2.08,-4.52,8.19,-2.08,-4.46,8.12,-2.07,-4.46,8.12,-2.07,
-2.22,10.88,1.63,-2.22,10.88,1.63,-6.58,6.81,-4.26,-6.58,6.81,-4.26,-6.79,6.95,-4.42,-6.79,6.95,-4.42,
-2.84,10.12,1.44,-2.84,10.12,1.44,-7.18,5.35,-4.08,-7.18,5.35,-4.08,-7.36,5.21,-4.15,-7.36,5.21,-4.15,
-1.98,7.54,-0.72,-1.98,7.54,-0.72,-5.27,4.81,-4.71,-5.27,4.81,-4.71,-5.07,4.60,-4.55,-5.07,4.60,-4.55,
-2.29,7.74,-2.39,-2.29,7.74,-2.39,-6.28,3.48,-4.60,-6.28,3.48,-4.60,-6.33,3.58,-4.62,-6.33,3.58,-4.62,
-2.06,8.90,-3.04,-2.06,8.90,-3.04,-6.27,3.84,-5.92,-6.27,3.84,-5.92,-6.31,3.79,-5.95,-6.31,3.79,-5.95,
-2.57,8.58,-2.54,-2.57,8.58,-2.54,-6.38,3.91,-5.43,-6.38,3.91,-5.43,-6.36,3.91,-5.51,-6.36,3.91,-5.51,
-2.58,9.35,-2.19,-2.58,9.35,-2.19,-6.84,4.06,-5.56,-6.84,4.06,-5.56,-6.85,4.04,-5.68,-6.85,4.04,-5.68,
-2.63,9.02,-1.91,-2.63,9.02,-1.91,-6.36,4.33,-5.54,-6.36,4.33,-5.54,-6.31,4.35,-5.62,-6.31,4.35,-5.62,
-3.35,8.51,-0.83,-3.35,8.51,-0.83,-6.28,4.20,-4.67,-6.28,4.20,-4.67,-6.34,4.24,-4.75,-6.34,4.24,-4.75,
-1.10,8.92,1.37,-1.10,8.92,1.37,-4.14,5.05,-5.29,-4.14,5.05,-5.29,-4.08,5.09,-5.23,-4.08,5.09,-5.23,

0.02,3.94,8.63,0.02,3.94,8.63,-2.27,9.26,-1.72,-2.27,9.26,-1.72,-2.26,9.26,-1.69,-2.26,9.26,-1.69,
0.03,3.71,8.53,0.03,3.71,8.53,-2.19,9.19,-1.61,-2.19,9.19,-1.61,-2.19,9.17,-1.52,-2.19,9.17,-1.52,
0.17,3.83,9.11,0.17,3.83,9.11,-2.23,9.43,-1.39,-2.23,9.43,-1.39,-2.27,9.40,-1.51,-2.27,9.40,-1.51,
-1.27,4.73,9.48,-1.27,4.73,9.48,-3.88,9.91,-2.23,-3.88,9.91,-2.23,-3.90,9.93,-2.32,-3.90,9.93,-2.32,
-3.33,5.75,5.57,-3.33,5.75,5.57,-4.03,9.76,-2.94,-4.03,9.76,-2.94,-4.07,9.58,-2.95,-4.07,9.58,-2.95,
-0.58,7.41,1.72,-0.58,7.41,1.72,-3.89,9.51,-2.89,-3.89,9.51,-2.89,-3.84,9.30,-2.68,-3.84,9.30,-2.68,
0.59,9.53,4.56,0.59,9.53,4.56,-4.56,5.46,-2.71,-4.56,5.46,-2.71,-4.61,5.23,-2.19,-4.61,5.23,-2.19,
-1.33,9.16,0.60,-1.33,9.16,0.60,-5.09,5.51,-4.10,-5.09,5.51,-4.10,-5.11,5.47,-4.42,-5.11,5.47,-4.42,
-1.95,9.98,-0.52,-1.95,9.98,-0.52,-6.22,5.96,-5.17,-6.22,5.96,-5.17,-6.15,5.97,-5.28,-6.15,5.97,-5.28,
-1.23,9.17,-1.09,-1.23,9.17,-1.09,-6.02,5.30,-3.98,-6.02,5.30,-3.98,-6.04,5.31,-4.01,-6.04,5.31,-4.01,
-2.08,9.20,-1.75,-2.08,9.20,-1.75,-6.36,5.30,-4.71,-6.36,5.30,-4.71,-6.30,5.29,-4.88,-6.30,5.29,-4.88,
-3.10,9.57,-1.91,-3.10,9.57,-1.91,-6.61,4.90,-5.37,-6.61,4.90,-5.37,-6.71,4.91,-5.27,-6.71,4.91,-5.27,
-3.66,9.26,-2.13,-3.66,9.26,-2.13,-7.22,4.52,-5.21,-7.22,4.52,-5.21,-7.24,4.48,-5.17,-7.24,4.48,-5.17,
-4.30,8.56,-1.99,-4.30,8.56,-1.99,-6.69,3.82,-5.44,-6.69,3.82,-5.44,-6.65,3.75,-5.38,-6.65,3.75,-5.38,
-2.84,8.35,0.73,-2.84,8.35,0.73,-5.70,2.83,-5.07,-5.70,2.83,-5.07,-5.65,2.83,-5.08,-5.65,2.83,-5.08,

-0.42,3.10,8.80,-0.42,3.10,8.80,-3.22,8.91,-0.80,-3.22,8.91,-0.80,-3.19,8.75,-0.85,-3.19,8.75,-0.85,
-0.66,3.27,8.95,-0.66,3.27,8.95,-3.50,8.88,-0.93,-3.50,8.88,-0.93,-3.59,8.85,-0.94,-3.59,8.85,-0.94,
-1.20,3.17,9.17,-1.20,3.17,9.17,-4.00,9.05,-0.75,-4.00,9.05,-0.75,-4.03,9.07,-0.71,-4.03,9.07,-0.71,
-1.81,3.44,9.33,-1.81,3.44,9.33,-4.58,9.83,-0.96,-4.58,9.83,-0.96,-4.54,9.91,-0.91,-4.54,9.91,-0.91,
-2.00,4.52,6.05,-2.00,4.52,6.05,-4.18,9.85,-1.75,-4.18,9.85,-1.75,-4.23,9.81,-1.80,-4.23,9.81,-1.80,
-1.47,9.22,6.18,-1.47,9.22,6.18,-4.42,8.70,-4.77,-4.42,8.70,-4.77,-4.47,8.66,-4.73,-4.47,8.66,-4.73,
-0.94,9.18,5.86,-0.94,9.18,5.86,-4.33,7.97,-4.02,-4.33,7.97,-4.02,-4.50,7.94,-3.95,-4.50,7.94,-3.95,
0.76,9.54,2.73,0.76,9.54,2.73,-4.66,5.87,-4.40,-4.66,5.87,-4.40,-4.61,5.74,-4.46,-4.61,5.74,-4.46,
-1.37,8.88,0.84,-1.37,8.88,0.84,-4.89,5.69,-5.93,-4.89,5.69,-5.93,-4.85,5.63,-5.80,-4.85,5.63,-5.80,
-2.35,9.35,-1.02,-2.35,9.35,-1.02,-5.37,5.22,-4.88,-5.37,5.22,-4.88,-5.41,5.01,-4.74,-5.41,5.01,-4.74,
-1.24,9.11,-2.06,-1.24,9.11,-2.06,-6.87,4.87,-4.31,-6.87,4.87,-4.31,-6.88,4.87,-4.15,-6.88,4.87,-4.15,
-2.02,8.98,-2.85,-2.02,8.98,-2.85,-6.32,5.04,-4.71,-6.32,5.04,-4.71,-6.35,5.02,-4.73,-6.35,5.02,-4.73,
-2.18,9.18,-3.01,-2.18,9.18,-3.01,-6.38,5.12,-5.19,-6.38,5.12,-5.19,-6.40,5.15,-5.04,-6.40,5.15,-5.04,
-2.65,9.18,-2.72,-2.65,9.18,-2.72,-6.48,5.34,-4.90,-6.48,5.34,-4.90,-6.46,5.34,-5.02,-6.46,5.34,-5.02,
-2.77,9.05,-2.23,-2.77,9.05,-2.23,-6.29,5.17,-5.23,-6.29,5.17,-5.23,-6.31,5.22,-5.22,-6.31,5.22,-5.22,
-0.42,10.44,-0.00,-0.42,10.44,-0.00,-4.11,5.45,-4.99,-4.11,5.45,-4.99,-4.15,5.44,-4.97,-4.15,5.44,-4.97,
-0.48,12.22,6.14,-0.48,12.22,6.14,-3.94,5.33,-1.61,-3.94,5.33,-1.61,-3.95,5.25,-1.53,-3.95,5.25,-1.53,
