-2.24,8.94,2.98,-2.24,8.94,2.98,-1.82,9.36,1.61,-1.82,9.36,1.61,-1.79,9.35,1.50,-1.79,9.35,1.50,
-2.37,8.91,3.14,-2.37,8.91,3.14,-1.86,9.35,1.66,-1.86,9.35,1.66,-1.81,9.35,1.71,-1.81,9.35,1.71,
-3.04,8.81,2.71,-3.04,8.81,2.71,-1.91,9.25,2.02,-1.91,9.25,2.02,-1.88,9.22,2.03,-1.88,9.22,2.03,
-12.36,9.97,5.87,-12.36,9.97,5.87,-3.03,10.70,0.56,-3.03,10.70,0.56,-3.11,10.40,0.69,-3.11,10.40,0.69,
-13.71,10.52,4.76,-13.71,10.52,4.76,-4.57,9.48,6.24,-4.57,9.48,6.24,-4.81,9.27,5.54,-4.81,9.27,5.54,
-11.32,7.50,3.33,-11.32,7.50,3.33,-8.04,8.91,3.85,-8.04,8.91,3.85,-8.23,8.88,3.73,-8.23,8.88,3.73,
-7.67,0.52,1.94,-7.67,0.52,1.94,-8.34,5.33,0.46,-8.34,5.33,0.46,-8.44,5.21,-0.14,-8.44,5.21,-0.14,
-4.99,-1.79,-1.23,-4.99,-1.79,-1.23,-6.93,0.88,-1.78,-6.93,0.88,-1.78,-6.85,0.74,-2.11,-6.85,0.74,-2.11,
-4.01,-5.51,-2.38,-4.01,-5.51,-2.38,-7.92,-3.81,-2.58,-7.92,-3.81,-2.58,-7.61,-3.54,-2.34,-7.61,-3.54,-2.34,
-2.84,-6.22,-3.94,-2.84,-6.22,-3.94,-9.51,-2.70,-3.34,-9.51,-2.70,-3.34,-9.06,-2.15,-2.46,-9.06,-2.15,-2.46,
-4.50,-8.26,-4.24,-4.50,-8.26,-4.24,-8.04,-4.62,-3.71,-8.04,-4.62,-3.71,-7.74,-4.82,-3.67,-7.74,-4.82,-3.67,
-3.51,-7.68,-4.54,-3.51,-7.68,-4.54,-6.89,-5.56,-3.35,-6.89,-5.56,-3.35,-6.95,-5.67,-3.22,-6.95,-5.67,-3.22,
-3.15,-7.66,-3.57,-3.15,-7.66,-3.57,-6.71,-5.75,-3.23,-6.71,-5.75,-3.23,-6.65,-5.73,-3.27,-6.65,-5.73,-3.27,
-3.26,-8.54,-3.09,-3.26,-8.54,-3.09,-7.19,-5.71,-3.43,-7.19,-5.71,-3.43,-7.35,-5.68,-3.33,-7.35,-5.68,-3.33,
-3.56,-7.69,-3.41,-3.56,-7.69,-3.41,-7.30,-5.27,-2.89,-7.30,-5.27,-2.89,-7.23,-5.31,-2.96,-7.23,-5.31,-2.96,
-1.39,-5.04,-3.45,-1.39,-5.04,-3.45,-6.44,-4.66,-1.71,-6.44,-4.66,-1.71,-6.48,-4.64,-1.75,-6.48,-4.64,-1.75,

-1.24,9.30,2.08,-1.24,9.30,2.08,-1.48,9.49,1.48,-1.48,9.49,1.48,-1.50,9.49,1.65,-1.50,9.49,1.65,
-1.34,9.34,2.25,-1.34,9.34,2.25,-1.65,9.44,1.42,-1.65,9.44,1.42,-1.63,9.44,1.39,-1.63,9.44,1.39,
-1.94,9.28,1.87,-1.94,9.28,1.87,-1.88,9.22,1.45,-1.88,9.22,1.45,-1.90,9.15,1.54,-1.90,9.15,1.54,
-4.28,9.45,2.40,-4.28,9.45,2.40,-1.86,9.89,1.59,-1.86,9.89,1.59,-1.98,9.88,1.39,-1.98,9.88,1.39,
-15.80,11.84,4.73,-15.80,11.84,4.73,-4.03,10.99,3.49,-4.03,10.99,3.49,-4.58,10.77,3.37,-4.58,10.77,3.37,
-11.16,11.96,5.85,-11.16,11.96,5.85,-4.64,10.32,3.68,-4.64,10.32,3.68,-4.76,10.09,3.75,-4.76,10.09,3.75,
-9.51,4.90,3.91,-9.51,4.90,3.91,-6.69,7.04,1.71,-6.69,7.04,1.71,-6.61,6.69,1.54,-6.61,6.69,1.54,
-7.57,-0.17,-1.06,-7.57,-0.17,-1.06,-4.74,1.89,-2.48,-4.74,1.89,-2.48,-3.96,2.31,-2.89,-3.96,2.31,-2.89,
-4.42,-2.73,-3.31,-4.42,-2.73,-3.31,-6.66,-3.16,-2.91,-6.66,-3.16,-2.91,-6.39,-2.60,-2.75,-6.39,-2.60,-2.75,
-3.66,-6.49,-4.41,-3.66,-6.49,-4.41,-6.57,-5.57,-3.06,-6.57,-5.57,-3.06,-6.22,-4.93,-3.05,-6.22,-4.93,-3.05,
-2.65,-7.46,-4.75,-2.65,-7.46,-4.75,-5.82,-7.01,-3.04,-5.82,-7.01,-3.04,-5.80,-7.21,-3.25,-5.80,-7.21,-3.25,
-1.82,-8.31,-3.45,-1.82,-8.31,-3.45,-6.06,-6.43,-2.75,-6.06,-6.43,-2.75,-6.42,-6.57,-2.96,-6.42,-6.57,-2.96,
-2.43,-8.78,-2.78,-2.43,-8.78,-2.78,-6.51,-6.32,-3.12,-6.51,-6.32,-3.12,-6.53,-6.33,-2.98,-6.53,-6.33,-2.98,
-2.66,-7.89,-2.47,-2.66,-7.89,-2.47,-6.11,-6.34,-2.44,-6.11,-6.34,-2.44,-6.15,-6.30,-2.33,-6.15,-6.30,-2.33,
-1.20,-7.14,-3.11,-1.20,-7.14,-3.11,-6.94,-5.62,-1.88,-6.94,-5.62,-1.88,-7.09,-5.77,-2.02,-7.09,-5.77,-2.02,
-4.20,-3.14,-1.30,-4.20,-3.14,-1.30,-5.70,-2.46,-0.93,-5.70,-2.46,-0.93,-5.69,-2.29,-1.31,-5.69,-2.29,-1.31,
-7.60,-0.97,1.37,-7.60,-0.97,1.37,-8.13,2.57,-2.71,-8.13,2.57,-2.71,-8.67,2.86,-3.02,-8.67,2.86,-3.02,

-2.26,9.02,2.54,-2.26,9.02,2.54,-1.88,9.46,1.28,-1.88,9.46,1.28,-1.87,9.49,1.23,-1.87,9.49,1.23,
-2.16,9.09,2.14,-2.16,9.09,2.14,-2.00,9.35,1.00,-2.00,9.35,1.00,-2.03,9.38,1.04,-2.03,9.38,1.04,
-2.78,9.35,0.92,-2.78,9.35,0.92,-2.52,9.24,0.92,-2.52,9.24,0.92,-2.59,9.15,0.89,-2.59,9.15,0.89,
-12.88,11.58,1.26,-12.88,11.58,1.26,-3.65,11.01,2.67,-3.65,11.01,2.67,-3.87,11.00,2.87,-3.87,11.00,2.87,
-12.06,8.11,2.91,-12.06,8.11,2.91,-4.60,9.73,2.81,-4.60,9.73,2.81,-4.86,9.66,2.82,-4.86,9.66,2.82,
-12.10,6.93,2.75,-12.10,6.93,2.75,-7.88,9.19,2.19,-7.88,9.19,2.19,-8.00,9.19,2.01,-8.00,9.19,2.01,
-8.88,2.53,0.95,-8.88,2.53,0.95,-10.83,5.67,-0.28,-10.83,5.67,-0.28,-10.00,5.64,-0.20,-10.00,5.64,-0.20,
-7.52,0.55,-0.96,-7.52,0.55,-0.96,-6.84,1.24,-2.86,-6.84,1.24,-2.86,-6.67,1.43,-3.07,-6.67,1.43,-3.07,
-5.23,-3.85,-2.43,-5.23,-3.85,-2.43,-8.29,-2.07,-4.04,-8.29,-2.07,-4.04,-8.18,-1.75,-4.15,-8.18,-1.75,-4.15,
-4.19,-6.98,-3.26,-4.19,-6.98,-3.26,-6.10,-3.14,-2.83,-6.10,-3.14,-2.83,-6.18,-2.94,-3.09,-6.18,-2.94,-3.09,
-2.68,-7.65,-3.73,-2.68,-7.65,-3.73,-6.64,-5.42,-3.80,-6.64,-5.42,-3.80,-6.66,-5.33,-3.65,-6.66,-5.33,-3.65,
-2.61,-8.09,-3.37,-2.61,-8.09,-3.37,-6.84,-5.72,-3.61,-6.84,-5.72,-3.61,-6.96,-5.84,-3.70,-6.96,-5.84,-3.70,
-3.08,-8.61,-3.57,-3.08,-8.61,-3.57,-6.61,-6.07,-3.71,-6.61,-6.07,-3.71,-6.63,-6.08,-3.76,-6.63,-6.08,-3.76,
-0.26,-5.36,-2.77,-0.26,-5.36,-2.77,-4.87,-4.59,-2.37,-4.87,-4.59,-2.37,-4.72,-4.50,-2.15,-4.72,-4.50,-2.15,

-2.12,8.49,3.57,-2.12,8.49,3.57,-1.93,9.26,1.73,-1.93,9.26,1.73,-2.02,9.25,1.87,-2.02,9.25,1.87,
-2.55,8.42,3.16,-2.55,8.42,3.16,-2.12,8.94,1.91,-2.12,8.94,1.91,-2.09,8.94,1.95,-2.09,8.94,1.95,
-2.48,9.22,3.18,-2.48,9.22,3.18,-1.78,9.73,1.59,-1.78,9.73,1.59,-1.76,9.66,1.65,-1.76,9.66,1.65,
-9.01,8.93,2.24,-9.01,8.93,2.24,-3.23,9.49,3.97,-3.23,9.49,3.97,-3.29,9.66,3.71,-3.29,9.66,3.71,
-14.44,12.44,2.37,-14.44,12.44,2.37,-5.68,12.46,5.23,-5.68,12.46,5.23,-5.76,12.24,5.44,-5.76,12.24,5.44,
-10.78,8.65,3.63,-10.78,8.65,3.63,-6.87,9.04,2.32,-6.87,9.04,2.32,-7.01,8.67,2.01,-7.01,8.67,2.01,
-7.13,3.69,1.68,-7.13,3.69,1.68,-8.17,3.96,-2.10,-8.17,3.96,-2.10,-7.80,3.83,-2.23,-7.80,3.83,-2.23,
-5.57,-0.70,-0.80,-5.57,-0.70,-0.80,-6.66,-1.35,-2.63,-6.66,-1.35,-2.63,-6.57,-1.27,-2.79,-6.57,-1.27,-2.79,
-3.44,-6.87,-2.25,-3.44,-6.87,-2.25,-8.28,-4.74,-3.89,-8.28,-4.74,-3.89,-8.61,-4.60,-3.73,-8.61,-4.60,-3.73,
-3.34,-7.24,-3.15,-3.34,-7.24,-3.15,-6.81,-4.36,-3.39,-6.81,-4.36,-3.39,-6.86,-4.43,-3.40,-6.86,-4.43,-3.40,
-2.21,-7.42,-3.20,-2.21,-7.42,-3.20,-6.64,-4.83,-4.13,-6.64,-4.83,-4.13,-6.80,-4.96,-4.18,-6.80,-4.96,-4.18,
-2.57,-8.73,-3.22,-2.57,-8.73,-3.22,-6.85,-5.29,-3.50,-6.85,-5.29,-3.50,-6.98,-5.17,-3.45,-6.98,-5.17,-3.45,
-2.95,-6.99,-2.26,-2.95,-6.99,-2.26,-7.09,-4.58,-3.49,-7.09,-4.58,-3.49,-7.04,-4.53,-3.42,-7.04,-4.53,-3.42,
-4.22,-4.72,-1.37,-4.22,-4.72,-1.37,-7.42,-1.92,-4.25,-7.42,-1.92,-4.25,-7.54,-1.67,-4.18,-7.54,-1.67,-4.18,
-5.97,-0.81,1.91,-5.97,-0.81,1.91,-7.90,1.02,1.10,-7.90,1.02,1.10,-7.77,1.24,1.32,-7.77,1.24,1.32,
-11.28,3.52,-0.28,-11.28,3.52,-0.28,-8.21,4.92,1.28,-8.21,4.92,1.28,-8.32,5.46,0.70,-8.32,5.46,0.70,
-11.62,9.89,-0.03,-11.62,9.89,-0.03,-7.57,10.88,-1.02,-7.57,10.88,-1.02,-7.33,9.99,0.03,-7.33,9.99,0.03,

-1.33,9.25,2.70,-1.33,9.25,2.70,-1.98,9.42,1.02,-1.98,9.42,1.02,-1.94,9.43,1.00,-1.94,9.43,1.00,
-1.08,9.24,2.45,-1.08,9.24,2.45,-2.09,9.43,1.04,-2.09,9.43,1.04,-2.06,9.42,0.95,-2.06,9.42,0.95,
-2.62,9.22,3.57,-2.62,9.22,3.57,-2.44,8.90,1.10,-2.44,8.90,1.10,-2.59,8.81,1.03,-2.59,8.81,1.03,
-12.31,11.44,1.47,-12.31,11.44,1.47,-4.06,11.41,3.14,-4.06,11.41,3.14,-3.74,11.48,3.19,-3.74,11.48,3.19,
-11.23,11.96,5.59,-11.23,11.96,5.59,-5.00,11.57,5.72,-5.00,11.57,5.72,-4.94,11.78,5.69,-4.94,11.78,5.69,
-8.72,7.94,3.40,-8.72,7.94,3.40,-7.40,9.46,1.54,-7.40,9.46,1.54,-7.77,8.77,1.32,-7.77,8.77,1.32,
-6.78,0.99,0.75,-6.78,0.99,0.75,-5.38,1.42,-0.93,-5.38,1.42,-0.93,-5.01,1.50,-1.16,-5.01,1.50,-1.16,
-3.49,-3.33,-1.13,-3.49,-3.33,-1.13,-6.86,-2.48,-1.90,-6.86,-2.48,-1.90,-6.74,-2.83,-1.88,-6.74,-2.83,-1.88,
-1.77,-7.36,-1.90,-1.77,-7.36,-1.90,-8.16,-5.53,-3.68,-8.16,-5.53,-3.68,-7.95,-5.20,-3.43,-7.95,-5.20,-3.43,
-2.27,-7.40,-2.96,-2.27,-7.40,-2.96,-6.21,-5.18,-3.26,-6.21,-5.18,-3.26,-6.39,-5.48,-3.20,-6.39,-5.48,-3.20,
-2.68,-8.41,-2.61,-2.68,-8.41,-2.61,-6.65,-6.10,-3.60,-6.65,-6.10,-3.60,-6.63,-5.96,-3.65,-6.63,-5.96,-3.65,
-3.39,-8.02,-2.87,-3.39,-8.02,-2.87,-6.59,-5.64,-3.86,-6.59,-5.64,-3.86,-6.52,-5.67,-3.72,-6.52,-5.67,-3.72,
-1.81,-6.18,-3.16,-1.81,-6.18,-3.16,-6.14,-5.35,-2.80,-6.14,-5.35,-2.80,-5.91,-5.16,-3.01,-5.91,-5.16,-3.01,

-0.67,9.92,1.52,-0.67,9.92,1.52,-1.77,9.64,-0.30,-1.77,9.64,-0.30,-1.85,9.64,-0.33,-1.85,9.64,-0.33,
-0.75,9.63,1.55,-0.75,9.63,1.55,-1.55,9.72,-0.17,-1.55,9.72,-0.17,-1.56,9.73,-0.07,-1.56,9.73,-0.07,
-0.35,9.64,1.64,-0.35,9.64,1.64,-1.57,9.59,-0.45,-1.57,9.59,-0.45,-1.63,9.59,-0.40,-1.63,9.59,-0.40,
-1.21,9.27,1.63,-1.21,9.27,1.63,-1.56,9.36,-0.29,-1.56,9.36,-0.29,-1.59,9.32,-0.21,-1.59,9.32,-0.21,
-8.74,11.82,6.15,-8.74,11.82,6.15,-4.73,12.01,0.17,-4.73,12.01,0.17,-4.78,11.69,0.12,-4.78,11.69,0.12,
-14.74,12.68,4.52,-14.74,12.68,4.52,-4.66,10.88,4.44,-4.66,10.88,4.44,-4.83,11.54,4.31,-4.83,11.54,4.31,
-9.96,11.00,3.38,-9.96,11.00,3.38,-8.12,9.18,2.00,-8.12,9.18,2.00,-8.01,8.92,2.00,-8.01,8.92,2.00,
-6.77,4.32,0.78,-6.77,4.32,0.78,-6.81,3.91,-0.33,-6.81,3.91,-0.33,-6.56,3.54,-0.31,-6.56,3.54,-0.31,
-4.37,-2.03,-1.23,-4.37,-2.03,-1.23,-6.27,-1.20,-3.02,-6.27,-1.20,-3.02,-4.77,-0.38,-2.58,-4.77,-0.38,-2.58,
-2.32,-7.09,-3.00,-2.32,-7.09,-3.00,-5.96,-5.38,-4.40,-5.96,-5.38,-4.40,-5.93,-5.13,-4.56,-5.93,-5.13,-4.56,
-2.57,-7.80,-3.35,-2.57,-7.80,-3.35,-5.23,-6.41,-4.28,-5.23,-6.41,-4.28,-5.41,-6.35,-4.18,-5.41,-6.35,-4.18,
-2.40,-8.50,-3.74,-2.40,-8.50,-3.74,-5.43,-6.54,-4.64,-5.43,-6.54,-4.64,-5.58,-6.46,-4.66,-5.58,-6.46,-4.66,
-2.88,-9.01,-2.62,-2.88,-9.01,-2.62,-5.76,-6.29,-4.72,-5.76,-6.29,-4.72,-5.82,-6.30,-4.67,-5.82,-6.30,-4.67,
-3.35,-9.32,-2.36,-3.35,-9.32,-2.36,-5.88,-6.45,-4.82,-5.88,-6.45,-4.82,-5.89,-6.41,-4.73,-5.89,-6.41,-4.73,

-1.11,9.53,1.60,-1.11,9.53,1.60,-1.87,9.43,0.50,-1.87,9.43,0.50,-1.85,9.47,0.48,-1.85,9.47,0.48,
-1.15,9.60,1.67,-1.15,9.60,1.67,-1.85,9.55,0.62,-1.85,9.55,0.62,-1.86,9.53,0.70,-1.86,9.53,0.70,
-1.55,9.49,1.40,-1.55,9.49,1.40,-1.88,9.40,0.74,-1.88,9.40,0.74,-1.83,9.53,0.72,-1.83,9.53,0.72,
-7.81,9.73,8.24,-7.81,9.73,8.24,-3.00,10.38,0.36,-3.00,10.38,0.36,-3.19,10.61,0.47,-3.19,10.61,0.47,
-13.43,12.55,3.46,-13.43,12.55,3.46,-3.72,11.76,4.76,-3.72,11.76,4.76,-3.92,11.59,4.80,-3.92,11.59,4.80,
-13.37,10.32,4.12,-13.37,10.32,4.12,-5.46,10.86,4.88,-5.46,10.86,4.88,-5.54,10.95,4.95,-5.54,10.95,4.95,
-10.15,5.77,3.05,-10.15,5.77,3.05,-8.53,6.59,0.39,-8.53,6.59,0.39,-8.16,6.46,0.14,-8.16,6.46,0.14,
-6.20,2.12,0.67,-6.20,2.12,0.67,-5.98,-0.30,-3.17,-5.98,-0.30,-3.17,-6.11,-1.07,-3.92,-6.11,-1.07,-3.92,
-2.64,-5.07,-2.19,-2.64,-5.07,-2.19,-6.74,-4.63,-3.31,-6.74,-4.63,-3.31,-6.53,-4.47,-3.13,-6.53,-4.47,-3.13,
-2.26,-7.51,-2.49,-2.26,-7.51,-2.49,-5.84,-5.79,-4.40,-5.84,-5.79,-4.40,-5.89,-5.75,-4.54,-5.89,-5.75,-4.54,
-1.46,-8.60,-3.14,-1.46,-8.60,-3.14,-5.10,-6.39,-4.12,-5.10,-6.39,-4.12,-5.16,-6.51,-4.23,-5.16,-6.51,-4.23,
-1.40,-8.78,-3.06,-1.40,-8.78,-3.06,-4.83,-6.89,-4.38,-4.83,-6.89,-4.38,-4.82,-6.87,-4.34,-4.82,-6.87,-4.34,
-2.22,-9.07,-3.08,-2.22,-9.07,-3.08,-5.21,-6.78,-4.56,-5.21,-6.78,-4.56,-5.22,-6.89,-4.53,-5.22,-6.89,-4.53,

-0.98,9.39,1.67,-0.98,9.39,1.67,-1.68,9.49,0.36,-1.68,9.49,0.36,-1.58,9.51,0.32,-1.58,9.51,0.32,
-1.22,9.61,1.33,-1.22,9.61,1.33,-1.73,9.57,0.67,-1.73,9.57,0.67,-1.79,9.57,0.54,-1.79,9.57,0.54,
-1.55,9.46,1.11,-1.55,9.46,1.11,-1.60,9.38,0.59,-1.60,9.38,0.59,-1.58,9.38,0.61,-1.58,9.38,0.61,
-6.55,9.72,5.49,-6.55,9.72,5.49,-2.88,10.19,2.12,-2.88,10.19,2.12,-2.78,10.70,2.44,-2.78,10.70,2.44,
-17.73,12.12,3.54,-17.73,12.12,3.54,-3.69,11.35,4.80,-3.69,11.35,4.80,-3.80,11.48,4.77,-3.80,11.48,4.77,
-13.33,14.14,4.04,-13.33,14.14,4.04,-8.45,13.08,5.18,-8.45,13.08,5.18,-8.00,12.82,4.91,-8.00,12.82,4.91,
-5.32,7.60,1.88,-5.32,7.60,1.88,-6.22,4.68,-4.30,-6.22,4.68,-4.30,-6.25,4.51,-3.94,-6.25,4.51,-3.94,
-4.04,1.32,0.35,-4.04,1.32,0.35,-5.11,-2.22,-3.07,-5.11,-2.22,-3.07,-5.50,-2.56,-3.08,-5.50,-2.56,-3.08,
-0.51,-7.50,-2.99,-0.51,-7.50,-2.99,-6.60,-4.51,-4.27,-6.60,-4.51,-4.27,-6.82,-4.85,-4.10,-6.82,-4.85,-4.10,
-2.50,-7.64,-3.57,-2.50,-7.64,-3.57,-5.52,-6.14,-4.57,-5.52,-6.14,-4.57,-5.31,-6.24,-4.56,-5.31,-6.24,-4.56,
-3.25,-8.13,-3.50,-3.25,-8.13,-3.50,-5.36,-6.60,-4.50,-5.36,-6.60,-4.50,-5.29,-6.61,-4.29,-5.29,-6.61,-4.29,
-2.94,-8.73,-3.34,-2.94,-8.73,-3.34,-5.93,-6.40,-4.50,-5.93,-6.40,-4.50,-5.85,-6.23,-4.37,-5.85,-6.23,-4.37,
-2.69,-8.73,-3.01,-2.69,-8.73,-3.01,-5.85,-6.46,-4.06,-5.85,-6.46,-4.06,-5.85,-6.28,-4.04,-5.85,-6.28,-4.04,
-1.53,-6.52,-3.57,-1.53,-6.52,-3.57,-5.13,-5.44,-3.57,-5.13,-5.44,-3.57,-5.05,-5.35,-3.77,-5.05,-5.35,-3.77,

-1.89,9.19,2.27,-1.89,9.19,2.27,-1.50,9.55,0.76,-1.50,9.55,0.76,-1.50,9.58,0.91,-1.50,9.58,0.91,
-1.84,9.22,2.29,-1.84,9.22,2.29,-1.77,9.47,0.59,-1.77,9.47,0.59,-1.75,9.42,0.58,-1.75,9.42,0.58,
-2.03,9.36,2.30,-2.03,9.36,2.30,-1.61,9.65,0.68,-1.61,9.65,0.68,-1.63,9.67,0.56,-1.63,9.67,0.56,
-4.20,8.81,1.12,-4.20,8.81,1.12,-2.54,8.89,1.32,-2.54,8.89,1.32,-2.65,8.76,1.31,-2.65,8.76,1.31,
-15.82,10.75,-1.17,-15.82,10.75,-1.17,-4.75,12.51,4.89,-4.75,12.51,4.89,-4.72,12.00,4.93,-4.72,12.00,4.93,
-14.25,11.90,1.88,-14.25,11.90,1.88,-6.78,11.97,4.34,-6.78,11.97,4.34,-7.11,12.08,4.56,-7.11,12.08,4.56,
-8.47,6.21,0.91,-8.47,6.21,0.91,-5.02,2.87,-3.51,-5.02,2.87,-3.51,-5.26,2.70,-3.66,-5.26,2.70,-3.66,
-3.50,0.73,-0.73,-3.50,0.73,-0.73,-4.82,-3.00,-3.05,-4.82,-3.00,-3.05,-4.83,-2.99,-3.13,-4.83,-2.99,-3.13,
-1.58,-5.95,-3.86,-1.58,-5.95,-3.86,-7.55,-4.83,-4.20,-7.55,-4.83,-4.20,-7.05,-4.87,-4.24,-7.05,-4.87,-4.24,
-1.57,-7.43,-3.56,-1.57,-7.43,-3.56,-5.61,-6.04,-4.52,-5.61,-6.04,-4.52,-5.85,-6.15,-4.42,-5.85,-6.15,-4.42,
-1.82,-8.36,-4.41,-1.82,-8.36,-4.41,-5.48,-7.00,-4.96,-5.48,-7.00,-4.96,-5.48,-6.98,-4.95,-5.48,-6.98,-4.95,
-2.41,-8.65,-3.90,-2.41,-8.65,-3.90,-5.53,-6.50,-4.93,-5.53,-6.50,-4.93,-5.70,-6.57,-4.68,-5.70,-6.57,-4.68,
-2.46,-8.99,-3.48,-2.46,-8.99,-3.48,-5.69,-6.41,-4.52,-5.69,-6.41,-4.52,-5.76,-6.37,-4.53,-5.76,-6.37,-4.53,
-1.56,-7.24,-3.20,-1.56,-7.24,-3.20,-5.01,-5.68,-3.93,-5.01,-5.68,-3.93,-4.95,-5.58,-3.94,-4.95,-5.58,-3.94,

-0.32,9.30,2.42,-0.32,9.30,2.42,-1.31,9.58,0.34,-1.31,9.58,0.34,-1.34,9.68,0.50,-1.34,9.68,0.50,
-0.89,9.54,2.37,-0.89,9.54,2.37,-1.59,9.58,0.19,-1.59,9.58,0.19,-1.54,9.59,0.31,-1.54,9.59,0.31,
-1.72,9.28,2.30,-1.72,9.28,2.30,-1.83,9.33,0.43,-1.83,9.33,0.43,-1.71,9.08,0.45,-1.71,9.08,0.45,
-12.06,9.39,5.57,-12.06,9.39,5.57,-3.47,12.98,4.52,-3.47,12.98,4.52,-3.75,13.47,5.66,-3.75,13.47,5.66,
-14.64,12.25,5.57,-14.64,12.25,5.57,-4.83,12.41,5.83,-4.83,12.41,5.83,-5.07,12.90,5.88,-5.07,12.90,5.88,
-9.50,7.63,4.10,-9.50,7.63,4.10,-9.43,7.15,1.45,-9.43,7.15,1.45,-9.55,6.65,1.94,-9.55,6.65,1.94,
-5.79,1.36,1.15,-5.79,1.36,1.15,-6.70,-1.92,-1.62,-6.70,-1.92,-1.62,-6.36,-1.41,-1.61,-6.36,-1.41,-1.61,
-2.23,-1.46,-1.50,-2.23,-1.46,-1.50,-7.38,-5.92,-4.02,-7.38,-5.92,-4.02,-7.38,-5.97,-4.17,-7.38,-5.97,-4.17,
-1.58,-7.02,-3.19,-1.58,-7.02,-3.19,-5.48,-6.47,-3.63,-5.48,-6.47,-3.63,-5.26,-6.47,-3.58,-5.26,-6.47,-3.58,
-1.35,-8.32,-3.90,-1.35,-8.32,-3.90,-4.93,-6.73,-4.22,-4.93,-6.73,-4.22,-4.96,-6.70,-4.37,-4.96,-6.70,-4.37,
-1.43,-8.74,-3.90,-1.43,-8.74,-3.90,-5.29,-6.95,-4.35,-5.29,-6.95,-4.35,-5.31,-6.91,-4.28,-5.31,-6.91,-4.28,
-2.06,-8.61,-3.70,-2.06,-8.61,-3.70,-5.34,-7.07,-4.48,-5.34,-7.07,-4.48,-5.33,-7.04,-4.34,-5.33,-7.04,-4.34,
-2.34,-8.44,-3.50,-2.34,-8.44,-3.50,-5.39,-6.77,-4.26,-5.39,-6.77,-4.26,-5.50,-6.77,-4.12,-5.50,-6.77,-4.12,
-0.67,-7.01,-3.69,-0.67,-7.01,-3.69,-5.41,-6.17,-3.21,-5.41,-6.17,-3.21,-5.45,-6.14,-3.25,-5.45,-6.14,-3.25,

-2.66,8.93,3.06,-2.66,8.93,3.06,-1.46,9.38,1.46,-1.46,9.38,1.46,-1.51,9.38,1.63,-1.51,9.38,1.63,
-2.89,8.81,2.55,-2.89,8.81,2.55,-1.67,9.21,1.32,-1.67,9.21,1.32,-1.66,9.25,1.43,-1.66,9.25,1.43,
-10.00,9.72,8.28,-10.00,9.72,8.28,-3.33,10.48,3.88,-3.33,10.48,3.88,-3.40,10.60,4.07,-3.40,10.60,4.07,
-16.71,12.26,4.14,-16.71,12.26,4.14,-4.51,13.20,7.00,-4.51,13.20,7.00,-3.98,13.24,6.87,-3.98,13.24,6.87,
-8.91,8.51,3.06,-8.91,8.51,3.06,-5.98,7.82,3.15,-5.98,7.82,3.15,-5.60,8.19,3.45,-5.60,8.19,3.45,
-7.16,4.22,-0.15,-7.16,4.22,-0.15,-5.99,-1.26,-3.76,-5.99,-1.26,-3.76,-6.03,-2.11,-3.21,-6.03,-2.11,-3.21,
-2.97,-3.14,-1.85,-2.97,-3.14,-1.85,-5.72,-3.96,-3.97,-5.72,-3.96,-3.97,-5.35,-4.30,-4.16,-5.35,-4.30,-4.16,
-1.10,-7.22,-2.64,-1.10,-7.22,-2.64,-5.55,-5.55,-4.25,-5.55,-5.55,-4.25,-5.33,-5.42,-4.65,-5.33,-5.42,-4.65,
-0.08,-7.74,-4.90,-0.08,-7.74,-4.90,-4.22,-7.76,-3.78,-4.22,-7.76,-3.78,-4.08,-7.73,-3.73,-4.08,-7.73,-3.73,
-1.15,-8.59,-4.77,-1.15,-8.59,-4.77,-3.87,-7.69,-4.70,-3.87,-7.69,-4.70,-3.74,-7.69,-4.58,-3.74,-7.69,-4.58,
-1.23,-8.82,-3.98,-1.23,-8.82,-3.98,-4.08,-7.38,-4.42,-4.08,-7.38,-4.42,-3.97,-7.38,-4.33,-3.97,-7.38,-4.33,
-1.70,-8.97,-3.41,-1.70,-8.97,-3.41,-4.41,-7.50,-4.47,-4.41,-7.50,-4.47,-4.32,-7.45,-4.47,-4.32,-7.45,-4.47,
-0.35,-7.46,-4.25,-0.35,-7.46,-4.25,-3.60,-7.12,-3.67,-3.60,-7.12,-3.67,-3.48,-7.19,-3.80,-3.48,-7.19,-3.80,

-1.62,9.59,2.44,-1.62,9.59,2.44,-1.40,9.70,0.78,-1.40,9.70,0.78,-1.41,9.72,0.98,-1.41,9.72,0.98,
-1.84,9.21,1.78,-1.84,9.21,1.78,-1.24,9.45,0.95,-1.24,9.45,0.95,-1.20,9.43,1.05,-1.20,9.43,1.05,
-6.95,7.68,8.50,-6.95,7.68,8.50,-1.07,10.64,7.01,-1.07,10.64,7.01,-0.91,10.77,7.13,-0.91,10.77,7.13,
-16.47,12.19,2.35,-16.47,12.19,2.35,-4.65,11.88,6.36,-4.65,11.88,6.36,-4.63,11.92,6.11,-4.63,11.92,6.11,
-10.34,10.56,3.07,-10.34,10.56,3.07,-5.23,9.05,2.88,-5.23,9.05,2.88,-4.62,8.79,2.19,-4.62,8.79,2.19,
-8.40,4.31,0.79,-8.40,4.31,0.79,-5.92,2.04,-1.86,-5.92,2.04,-1.86,-5.78,1.93,-2.37,-5.78,1.93,-2.37,
-4.16,1.52,0.79,-4.16,1.52,0.79,-4.19,-3.44,-2.57,-4.19,-3.44,-2.57,-3.67,-3.03,-0.54,-3.67,-3.03,-0.54,
-0.30,-7.35,-2.01,-0.30,-7.35,-2.01,-5.16,-4.89,-2.94,-5.16,-4.89,-2.94,-5.00,-4.83,-3.07,-5.00,-4.83,-3.07,
0.22,-8.00,-4.58,0.22,-8.00,-4.58,-4.45,-7.04,-4.27,-4.45,-7.04,-4.27,-3.91,-6.65,-4.00,-3.91,-6.65,-4.00,
0.39,-7.74,-4.77,0.39,-7.74,-4.77,-3.79,-7.65,-4.27,-3.79,-7.65,-4.27,-3.91,-7.64,-4.28,-3.91,-7.64,-4.28,
-0.20,-8.45,-4.43,-0.20,-8.45,-4.43,-4.07,-7.63,-4.27,-4.07,-7.63,-4.27,-4.03,-7.58,-4.23,-4.03,-7.58,-4.23,
-1.38,-9.16,-3.92,-1.38,-9.16,-3.92,-4.67,-7.37,-4.34,-4.67,-7.37,-4.34,-4.73,-7.31,-4.41,-4.73,-7.31,-4.41,

-1.46,9.36,2.18,-1.46,9.36,2.18,-2.32,9.35,1.34,-2.32,9.35,1.34,-2.28,9.35,1.24,-2.28,9.35,1.24,
-1.50,9.31,2.20,-1.50,9.31,2.20,-2.26,9.33,1.16,-2.26,9.33,1.16,-2.22,9.29,1.19,-2.22,9.29,1.19,
-1.51,9.32,2.08,-1.51,9.32,2.08,-2.15,9.36,1.50,-2.15,9.36,1.50,-2.23,9.35,1.57,-2.23,9.35,1.57,
-1.57,9.36,2.18,-1.57,9.36,2.18,-2.16,9.44,1.59,-2.16,9.44,1.59,-2.20,9.41,1.56,-2.20,9.41,1.56,
-2.52,9.47,3.29,-2.52,9.47,3.29,-2.41,9.25,1.55,-2.41,9.25,1.55,-2.19,9.14,1.49,-2.19,9.14,1.49,
-8.77,11.28,7.81,-8.77,11.28,7.81,-2.97,12.78,0.82,-2.97,12.78,0.82,-3.17,12.81,0.29,-3.17,12.81,0.29,
-15.99,14.19,2.82,-15.99,14.19,2.82,-5.18,11.22,5.82,-5.18,11.22,5.82,-5.03,11.03,5.93,-5.03,11.03,5.93,
-10.40,7.89,2.66,-10.40,7.89,2.66,-5.06,8.69,3.81,-5.06,8.69,3.81,-5.19,8.52,3.67,-5.19,8.52,3.67,
-5.39,3.88,-0.22,-5.39,3.88,-0.22,-4.38,-0.34,-1.90,-4.38,-0.34,-1.90,-4.09,-0.53,-2.03,-4.09,-0.53,-2.03,
-1.60,-4.31,-2.69,-1.60,-4.31,-2.69,-6.97,-3.79,-2.45,-6.97,-3.79,-2.45,-6.88,-3.90,-2.28,-6.88,-3.90,-2.28,
-2.25,-7.07,-4.01,-2.25,-7.07,-4.01,-6.21,-6.94,-4.07,-6.21,-6.94,-4.07,-5.91,-6.71,-3.92,-5.91,-6.71,-3.92,
-1.82,-7.86,-4.34,-1.82,-7.86,-4.34,-4.94,-6.85,-3.49,-4.94,-6.85,-3.49,-5.02,-6.80,-3.49,-5.02,-6.80,-3.49,
-2.05,-9.21,-3.71,-2.05,-9.21,-3.71,-5.16,-6.90,-3.64,-5.16,-6.90,-3.64,-5.19,-6.97,-3.92,-5.19,-6.97,-3.92,
-2.43,-8.51,-4.10,-2.43,-8.51,-4.10,-5.39,-7.03,-4.02,-5.39,-7.03,-4.02,-5.39,-7.08,-4.06,-5.39,-7.08,-4.06,
-3.07,-9.01,-3.74,-3.07,-9.01,-3.74,-5.89,-6.86,-4.23,-5.89,-6.86,-4.23,-5.86,-7.02,-4.31,-5.86,-7.02,-4.31,
-3.08,-8.64,-3.52,-3.08,-8.64,-3.52,-5.85,-6.68,-4.21,-5.85,-6.68,-4.21,-5.82,-6.57,-4.09,-5.82,-6.57,-4.09,
-2.95,-8.52,-3.59,-2.95,-8.52,-3.59,-5.68,-6.47,-4.21,-5.68,-6.47,-4.21,-5.97,-6.74,-4.00,-5.97,-6.74,-4.00,
-3.54,-8.71,-3.72,-3.54,-8.71,-3.72,-6.61,-6.42,-3.77,-6.61,-6.42,-3.77,-6.68,-6.31,-3.69,-6.68,-6.31,-3.69,

-0.16,9.89,1.10,-0.16,9.89,1.10,-1.59,9.76,-0.32,-1.59,9.76,-0.32,-1.68,9.77,-0.21,-1.68,9.77,-0.21,
-1.09,9.27,0.78,-1.09,9.27,0.78,-1.52,9.07,0.09,-1.52,9.07,0.09,-1.50,9.06,0.02,-1.50,9.06,0.02,
-6.13,11.48,8.43,-6.13,11.48,8.43,-4.97,11.85,1.26,-4.97,11.85,1.26,-5.03,11.85,1.33,-5.03,11.85,1.33,
-17.76,11.77,-0.06,-17.76,11.77,-0.06,-5.04,12.98,3.49,-5.04,12.98,3.49,-5.03,13.00,4.05,-5.03,13.00,4.05,
-12.22,11.23,2.77,-12.22,11.23,2.77,-7.96,9.58,4.55,-7.96,9.58,4.55,-7.85,9.71,4.55,-7.85,9.71,4.55,
-6.82,6.20,1.63,-6.82,6.20,1.63,-6.84,2.11,-1.47,-6.84,2.11,-1.47,-6.74,2.07,-1.55,-6.74,2.07,-1.55,
-3.26,-0.17,0.36,-3.26,-0.17,0.36,-5.59,-0.77,-2.62,-5.59,-0.77,-2.62,-5.74,-1.60,-2.81,-5.74,-1.60,-2.81,
-2.36,-6.60,-2.10,-2.36,-6.60,-2.10,-7.98,-5.69,-2.44,-7.98,-5.69,-2.44,-7.80,-5.94,-2.49,-7.80,-5.94,-2.49,
0.02,-7.70,-3.32,0.02,-7.70,-3.32,-5.79,-5.60,-3.38,-5.79,-5.60,-3.38,-5.94,-5.88,-3.35,-5.94,-5.88,-3.35,
1.38,-8.85,-4.08,1.38,-8.85,-4.08,-5.44,-7.25,-3.80,-5.44,-7.25,-3.80,-5.56,-7.27,-3.73,-5.56,-7.27,-3.73,
1.22,-8.37,-4.23,1.22,-8.37,-4.23,-4.87,-7.47,-3.31,-4.87,-7.47,-3.31,-4.91,-7.41,-3.26,-4.91,-7.41,-3.26,
0.90,-8.95,-3.31,0.90,-8.95,-3.31,-5.09,-7.16,-3.46,-5.09,-7.16,-3.46,-5.05,-7.18,-3.64,-5.05,-7.18,-3.64,
0.61,-8.40,-3.49,0.61,-8.40,-3.49,-5.51,-6.64,-3.15,-5.51,-6.64,-3.15,-5.47,-6.70,-3.14,-5.47,-6.70,-3.14,

-2.31,9.85,3.63,-2.31,9.85,3.63,-2.35,9.84,1.67,-2.35,9.84,1.67,-2.35,9.65,1.57,-2.35,9.65,1.57,
-2.64,8.25,3.98,-2.64,8.25,3.98,-1.66,9.05,2.00,-1.66,9.05,2.00,-1.71,8.96,2.02,-1.71,8.96,2.02,
-5.85,9.48,9.35,-5.85,9.48,9.35,-1.92,12.26,7.99,-1.92,12.26,7.99,-2.30,11.61,8.68,-2.30,11.61,8.68,
-15.11,8.89,2.21,-15.11,8.89,2.21,-3.53,10.56,6.26,-3.53,10.56,6.26,-3.41,10.22,6.24,-3.41,10.22,6.24,
-9.24,6.40,3.38,-9.24,6.40,3.38,-5.83,7.06,4.72,-5.83,7.06,4.72,-5.99,7.02,4.59,-5.99,7.02,4.59,
-8.82,1.67,1.48,-8.82,1.67,1.48,-9.59,1.99,-1.20,-9.59,1.99,-1.20,-9.31,2.96,-0.62,-9.31,2.96,-0.62,
-7.76,-1.19,-1.49,-7.76,-1.19,-1.49,-9.68,-0.55,-2.46,-9.68,-0.55,-2.46,-9.89,-0.52,-2.17,-9.89,-0.52,-2.17,
-6.91,-2.53,-2.11,-6.91,-2.53,-2.11,-7.16,-3.35,-3.25,-7.16,-3.35,-3.25,-6.69,-3.11,-3.69,-6.69,-3.11,-3.69,
-0.12,-5.10,-2.68,-0.12,-5.10,-2.68,-5.29,-5.59,-4.73,-5.29,-5.59,-4.73,-5.24,-5.68,-4.40,-5.24,-5.68,-4.40,
-0.53,-8.27,-3.32,-0.53,-8.27,-3.32,-4.15,-5.69,-3.60,-4.15,-5.69,-3.60,-4.43,-5.97,-4.03,-4.43,-5.97,-4.03,
0.30,-8.97,-4.87,0.30,-8.97,-4.87,-4.41,-8.03,-4.47,-4.41,-8.03,-4.47,-4.27,-7.72,-4.11,-4.27,-7.72,-4.11,
-0.18,-8.91,-3.71,-0.18,-8.91,-3.71,-4.44,-7.36,-4.17,-4.44,-7.36,-4.17,-4.46,-7.46,-4.30,-4.46,-7.46,-4.30,
-1.06,-9.29,-3.78,-1.06,-9.29,-3.78,-4.58,-7.23,-4.12,-4.58,-7.23,-4.12,-4.62,-7.18,-4.17,-4.62,-7.18,-4.17,
-1.17,-8.43,-3.80,-1.17,-8.43,-3.80,-4.80,-6.67,-4.51,-4.80,-6.67,-4.51,-4.78,-6.85,-4.46,-4.78,-6.85,-4.46,

-1.27,9.61,2.54,-1.27,9.61,2.54,-2.01,9.55,1.06,-2.01,9.55,1.06,-2.07,9.73,1.22,-2.07,9.73,1.22,
-1.55,8.45,2.51,-1.55,8.45,2.51,-1.04,8.49,2.27,-1.04,8.49,2.27,-0.95,8.53,2.33,-0.95,8.53,2.33,
-4.65,10.13,9.64,-4.65,10.13,9.64,-3.91,10.02,0.97,-3.91,10.02,0.97,-3.98,10.15,0.88,-3.98,10.15,0.88,
-13.25,10.53,5.95,-13.25,10.53,5.95,-3.77,9.45,1.96,-3.77,9.45,1.96,-4.01,9.11,1.51,-4.01,9.11,1.51,
-10.93,8.25,4.57,-10.93,8.25,4.57,-8.11,8.97,3.68,-8.11,8.97,3.68,-8.53,9.67,3.80,-8.53,9.67,3.80,
-6.94,2.70,3.04,-6.94,2.70,3.04,-8.78,3.56,0.21,-8.78,3.56,0.21,-8.60,3.36,0.45,-8.60,3.36,0.45,
-6.67,-3.74,-1.83,-6.67,-3.74,-1.83,-7.62,-1.10,-2.41,-7.62,-1.10,-2.41,-7.68,-1.52,-2.39,-7.68,-1.52,-2.39,
-1.48,-5.32,-1.74,-1.48,-5.32,-1.74,-5.41,-3.74,-3.63,-5.41,-3.74,-3.63,-5.91,-3.80,-3.76,-5.91,-3.80,-3.76,
-1.92,-8.50,-2.62,-1.92,-8.50,-2.62,-6.56,-5.15,-4.59,-6.56,-5.15,-4.59,-6.35,-5.00,-4.70,-6.35,-5.00,-4.70,
-1.36,-8.60,-2.68,-1.36,-8.60,-2.68,-5.59,-5.76,-4.00,-5.59,-5.76,-4.00,-5.65,-6.07,-4.34,-5.65,-6.07,-4.34,
-1.27,-9.00,-2.76,-1.27,-9.00,-2.76,-5.36,-7.17,-4.51,-5.36,-7.17,-4.51,-5.26,-7.02,-4.42,-5.26,-7.02,-4.42,
-1.95,-9.15,-2.86,-1.95,-9.15,-2.86,-5.13,-7.03,-4.43,-5.13,-7.03,-4.43,-5.19,-7.03,-4.48,-5.19,-7.03,-4.48,
-2.52,-9.34,-2.25,-2.52,-9.34,-2.25,-5.25,-6.46,-4.70,-5.25,-6.46,-4.70,-5.31,-6.45,-4.77,-5.31,-6.45,-4.77,
-2.29,-9.43,-2.10,-2.29,-9.43,-2.10,-5.55,-6.20,-4.89,-5.55,-6.20,-4.89,-5.50,-6.20,-4.96,-5.50,-6.20,-4.96,
-2.69,-9.01,-1.91,-2.69,-9.01,-1.91,-5.59,-6.05,-4.84,-5.59,-6.05,-4.84,-5.61,-5.97,-4.86,-5.61,-5.97,-4.86,

-0.78,9.54,2.21,-0.78,9.54,2.21,-1.95,9.50,1.03,-1.95,9.50,1.03,-1.91,9.48,0.87,-1.91,9.48,0.87,
-0.73,9.31,2.05,-0.73,9.31,2.05,-1.78,9.42,0.48,-1.78,9.42,0.48,-1.76,9.41,0.44,-1.76,9.41,0.44,
-1.84,9.71,3.12,-1.84,9.71,3.12,-2.10,9.65,0.17,-2.10,9.65,0.17,-2.11,9.62,0.18,-2.11,9.62,0.18,
-6.59,10.62,8.82,-6.59,10.62,8.82,-2.57,10.81,2.25,-2.57,10.81,2.25,-2.64,11.07,2.16,-2.64,11.07,2.16,
-9.54,12.30,5.90,-9.54,12.30,5.90,-2.50,11.22,5.20,-2.50,11.22,5.20,-2.44,11.14,5.50,-2.44,11.14,5.50,
-8.94,9.74,4.46,-8.94,9.74,4.46,-4.12,8.95,3.29,-4.12,8.95,3.29,-4.28,8.87,3.24,-4.28,8.87,3.24,
-10.51,3.31,-0.11,-10.51,3.31,-0.11,-9.09,3.98,0.40,-9.09,3.98,0.40,-9.22,3.83,0.21,-9.22,3.83,0.21,
-6.84,-0.91,-0.80,-6.84,-0.91,-0.80,-8.74,-0.41,-1.43,-8.74,-0.41,-1.43,-8.45,-0.74,-1.61,-8.45,-0.74,-1.61,
-5.27,-4.92,-2.28,-5.27,-4.92,-2.28,-5.89,-4.73,-0.47,-5.89,-4.73,-0.47,-6.51,-6.52,-0.61,-6.51,-6.52,-0.61,
-3.30,-7.73,-3.07,-3.30,-7.73,-3.07,-6.96,-5.44,-2.43,-6.96,-5.44,-2.43,-6.79,-5.35,-2.39,-6.79,-5.35,-2.39,
-1.93,-7.70,-3.60,-1.93,-7.70,-3.60,-4.08,-6.59,-3.29,-4.08,-6.59,-3.29,-4.18,-6.73,-3.17,-4.18,-6.73,-3.17,
-0.83,-8.37,-3.32,-0.83,-8.37,-3.32,-4.58,-7.53,-3.72,-4.58,-7.53,-3.72,-5.17,-8.02,-4.16,-5.17,-8.02,-4.16,
-1.07,-9.26,-3.51,-1.07,-9.26,-3.51,-5.29,-6.92,-3.87,-5.29,-6.92,-3.87,-5.35,-6.98,-3.94,-5.35,-6.98,-3.94,
-1.29,-9.25,-3.27,-1.29,-9.25,-3.27,-5.28,-7.09,-4.41,-5.28,-7.09,-4.41,-5.32,-7.10,-4.35,-5.32,-7.10,-4.35,
-1.75,-9.37,-3.01,-1.75,-9.37,-3.01,-5.52,-6.96,-3.84,-5.52,-6.96,-3.84,-5.56,-6.95,-3.83,-5.56,-6.95,-3.83,
-1.97,-9.18,-3.21,-1.97,-9.18,-3.21,-5.50,-6.81,-4.28,-5.50,-6.81,-4.28,-5.50,-6.84,-4.32,-5.50,-6.84,-4.32,

-0.60,9.46,1.76,-0.60,9.46,1.76,-1.77,9.50,1.64,-1.77,9.50,1.64,-1.71,9.50,1.56,-1.71,9.50,1.56,
-0.57,9.65,1.93,-0.57,9.65,1.93,-1.89,9.65,1.22,-1.89,9.65,1.22,-1.91,9.63,1.25,-1.91,9.63,1.25,
-0.77,9.44,2.00,-0.77,9.44,2.00,-1.66,9.46,1.03,-1.66,9.46,1.03,-1.54,9.43,1.03,-1.54,9.43,1.03,
-4.91,9.79,7.15,-4.91,9.79,7.15,-2.17,9.77,1.62,-2.17,9.77,1.62,-2.43,9.78,1.68,-2.43,9.78,1.68,
-10.00,11.44,8.06,-10.00,11.44,8.06,-3.06,13.11,2.52,-3.06,13.11,2.52,-3.15,13.09,2.72,-3.15,13.09,2.72,
-11.72,10.39,6.50,-11.72,10.39,6.50,-3.75,12.19,6.36,-3.75,12.19,6.36,-3.59,12.19,6.10,-3.59,12.19,6.10,
-6.88,8.83,3.35,-6.88,8.83,3.35,-5.44,5.90,1.07,-5.44,5.90,1.07,-5.86,6.27,0.50,-5.86,6.27,0.50,
-7.25,-1.60,2.25,-7.25,-1.60,2.25,-8.64,0.53,-0.72,-8.64,0.53,-0.72,-9.13,0.23,-0.81,-9.13,0.23,-0.81,
-5.52,-2.76,-2.98,-5.52,-2.76,-2.98,-5.94,-6.48,-1.19,-5.94,-6.48,-1.19,-7.59,-6.60,-1.94,-7.59,-6.60,-1.94,
-3.32,-6.72,-2.89,-3.32,-6.72,-2.89,-6.78,-4.51,-2.97,-6.78,-4.51,-2.97,-6.84,-4.52,-3.13,-6.84,-4.52,-3.13,
-1.94,-7.78,-3.52,-1.94,-7.78,-3.52,-6.23,-5.81,-3.06,-6.23,-5.81,-3.06,-6.14,-5.64,-3.21,-6.14,-5.64,-3.21,
-1.91,-8.74,-3.24,-1.91,-8.74,-3.24,-6.73,-6.20,-3.57,-6.73,-6.20,-3.57,-6.71,-6.17,-3.53,-6.71,-6.17,-3.53,
-2.87,-8.88,-3.72,-2.87,-8.88,-3.72,-6.94,-6.11,-3.79,-6.94,-6.11,-3.79,-6.93,-6.10,-3.67,-6.93,-6.10,-3.67,
-2.99,-8.95,-3.49,-2.99,-8.95,-3.49,-6.78,-6.14,-3.85,-6.78,-6.14,-3.85,-6.73,-6.15,-3.88,-6.73,-6.15,-3.88,
-3.19,-9.00,-3.34,-3.19,-9.00,-3.34,-6.88,-6.01,-3.87,-6.88,-6.01,-3.87,-6.87,-5.99,-4.03,-6.87,-5.99,-4.03,
-3.23,-8.77,-3.17,-3.23,-8.77,-3.17,-6.86,-5.78,-3.78,-6.86,-5.78,-3.78,-6.65,-5.74,-3.79,-6.65,-5.74,-3.79,
-1.08,-6.27,-5.04,-1.08,-6.27,-5.04,-6.20,-6.54,-3.14,-6.20,-6.54,-3.14,-6.31,-6.32,-2.86,-6.31,-6.32,-2.86,

-5.61,8.37,7.54,-5.61,8.37,7.54,-2.16,9.74,2.53,-2.16,9.74,2.53,-2.13,9.82,2.55,-2.13,9.82,2.55,
-7.02,8.92,5.07,-7.02,8.92,5.07,-3.34,10.14,2.49,-3.34,10.14,2.49,-3.48,10.09,2.68,-3.48,10.09,2.68,
-11.61,9.96,5.61,-11.61,9.96,5.61,-4.90,11.76,4.39,-4.90,11.76,4.39,-4.90,11.58,4.46,-4.90,11.58,4.46,
-12.41,5.64,4.87,-12.41,5.64,4.87,-5.92,9.92,5.49,-5.92,9.92,5.49,-5.95,9.71,5.46,-5.95,9.71,5.46,
-9.67,5.86,3.04,-9.67,5.86,3.04,-5.48,6.01,0.15,-5.48,6.01,0.15,-5.36,6.28,-0.73,-5.36,6.28,-0.73,
-5.50,-1.55,0.23,-5.50,-1.55,0.23,-7.36,-2.70,-2.34,-7.36,-2.70,-2.34,-7.64,-2.37,-1.88,-7.64,-2.37,-1.88,
0.35,-7.31,-2.81,0.35,-7.31,-2.81,-6.99,-4.48,-2.51,-6.99,-4.48,-2.51,-6.86,-4.83,-2.67,-6.86,-4.83,-2.67,
0.22,-7.61,-4.07,0.22,-7.61,-4.07,-4.92,-6.04,-3.89,-4.92,-6.04,-3.89,-4.58,-5.94,-3.83,-4.58,-5.94,-3.83,
0.10,-8.46,-4.26,0.10,-8.46,-4.26,-5.21,-6.92,-4.01,-5.21,-6.92,-4.01,-4.96,-6.70,-3.99,-4.96,-6.70,-3.99,
-0.89,-8.56,-3.69,-0.89,-8.56,-3.69,-5.62,-6.61,-4.12,-5.62,-6.61,-4.12,-5.38,-6.57,-4.12,-5.38,-6.57,-4.12,
-1.84,-9.19,-3.92,-1.84,-9.19,-3.92,-5.80,-6.44,-4.82,-5.80,-6.44,-4.82,-5.67,-6.39,-4.79,-5.67,-6.39,-4.79,
-2.50,-9.33,-3.52,-2.50,-9.33,-3.52,-5.85,-6.29,-4.61,-5.85,-6.29,-4.61,-5.80,-6.39,-4.65,-5.80,-6.39,-4.65,
-2.07,-9.02,-3.38,-2.07,-9.02,-3.38,-5.69,-6.29,-4.71,-5.69,-6.29,-4.71,-5.66,-6.28,-4.71,-5.66,-6.28,-4.71,
-1.75,-7.83,-3.73,-1.75,-7.83,-3.73,-4.34,-5.39,-3.45,-4.34,-5.39,-3.45,-4.68,-6.54,-4.85,-4.68,-6.54,-4.85,

-1.95,9.26,2.46,-1.95,9.26,2.46,-2.22,9.26,1.89,-2.22,9.26,1.89,-2.21,9.22,1.92,-2.21,9.22,1.92,
-1.72,9.04,2.74,-1.72,9.04,2.74,-2.07,9.23,1.76,-2.07,9.23,1.76,-2.08,9.22,1.86,-2.08,9.22,1.86,
-2.65,9.39,3.01,-2.65,9.39,3.01,-2.90,9.10,1.18,-2.90,9.10,1.18,-2.90,9.09,1.20,-2.90,9.09,1.20,
-14.82,11.71,4.27,-14.82,11.71,4.27,-3.29,10.67,2.22,-3.29,10.67,2.22,-3.64,11.37,1.85,-3.64,11.37,1.85,
-12.91,13.19,4.38,-12.91,13.19,4.38,-5.59,12.28,5.42,-5.59,12.28,5.42,-5.83,11.99,5.45,-5.83,11.99,5.45,
-9.47,9.36,3.44,-9.47,9.36,3.44,-6.44,8.18,-0.39,-6.44,8.18,-0.39,-6.52,7.81,-0.52,-6.52,7.81,-0.52,
-6.16,-0.79,-0.63,-6.16,-0.79,-0.63,-6.99,-1.72,-0.83,-6.99,-1.72,-0.83,-6.69,-1.88,-1.30,-6.69,-1.88,-1.30,
-0.81,-3.00,-2.76,-0.81,-3.00,-2.76,-5.93,-4.26,-2.18,-5.93,-4.26,-2.18,-5.91,-4.88,-2.39,-5.91,-4.88,-2.39,
-1.24,-8.30,-2.84,-1.24,-8.30,-2.84,-6.20,-5.06,-3.99,-6.20,-5.06,-3.99,-6.53,-5.34,-4.05,-6.53,-5.34,-4.05,
0.01,-8.79,-3.91,0.01,-8.79,-3.91,-5.12,-6.05,-3.96,-5.12,-6.05,-3.96,-5.16,-6.35,-4.39,-5.16,-6.35,-4.39,
-0.98,-8.51,-4.28,-0.98,-8.51,-4.28,-5.12,-6.74,-4.67,-5.12,-6.74,-4.67,-5.06,-6.74,-4.90,-5.06,-6.74,-4.90,
-1.63,-8.85,-3.99,-1.63,-8.85,-3.99,-5.15,-6.28,-5.13,-5.15,-6.28,-5.13,-5.08,-6.29,-4.95,-5.08,-6.29,-4.95,
-1.54,-9.00,-3.73,-1.54,-9.00,-3.73,-5.69,-6.24,-4.87,-5.69,-6.24,-4.87,-5.69,-6.24,-4.89,-5.69,-6.24,-4.89,
-1.93,-9.10,-3.89,-1.93,-9.10,-3.89,-5.89,-6.18,-5.14,-5.89,-6.18,-5.14,-5.93,-6.42,-5.16,-5.93,-6.42,-5.16,
-1.64,-8.50,-4.06,-1.64,-8.50,-4.06,-5.72,-6.28,-4.77,-5.72,-6.28,-4.77,-5.74,-6.47,-4.95,-5.74,-6.47,-4.95,

-1.99,9.03,3.01,-1.99,9.03,3.01,-2.59,9.23,1.48,-2.59,9.23,1.48,-2.51,9.24,1.35,-2.51,9.24,1.35,
-2.22,9.55,3.20,-2.22,9.55,3.20,-2.08,9.92,1.21,-2.08,9.92,1.21,-2.11,9.99,1.21,-2.11,9.99,1.21,
-1.98,9.12,2.58,-1.98,9.12,2.58,-2.41,8.97,0.49,-2.41,8.97,0.49,-2.45,9.03,0.45,-2.45,9.03,0.45,
-5.31,10.98,7.97,-5.31,10.98,7.97,-1.43,12.35,7.06,-1.43,12.35,7.06,-1.51,12.54,7.86,-1.51,12.54,7.86,
-10.21,12.67,6.60,-10.21,12.67,6.60,-3.52,12.37,3.11,-3.52,12.37,3.11,-3.64,12.16,3.19,-3.64,12.16,3.19,
-10.77,9.56,3.98,-10.77,9.56,3.98,-5.57,9.26,4.62,-5.57,9.26,4.62,-5.30,8.84,4.59,-5.30,8.84,4.59,
-5.31,4.45,2.38,-5.31,4.45,2.38,-8.22,4.94,0.21,-8.22,4.94,0.21,-7.93,4.86,-0.08,-7.93,4.86,-0.08,
-7.01,-0.99,-2.48,-7.01,-0.99,-2.48,-6.51,-0.96,-1.71,-6.51,-0.96,-1.71,-6.90,-1.32,-1.65,-6.90,-1.32,-1.65,
-3.19,-4.75,-1.13,-3.19,-4.75,-1.13,-6.99,-3.27,-3.77,-6.99,-3.27,-3.77,-6.31,-3.32,-3.86,-6.31,-3.32,-3.86,
0.42,-7.43,-2.75,0.42,-7.43,-2.75,-5.85,-6.92,-3.97,-5.85,-6.92,-3.97,-5.86,-6.50,-3.05,-5.86,-6.50,-3.05,
-0.61,-7.90,-3.79,-0.61,-7.90,-3.79,-5.09,-6.94,-4.10,-5.09,-6.94,-4.10,-5.24,-6.98,-3.96,-5.24,-6.98,-3.96,
-1.20,-8.67,-4.35,-1.20,-8.67,-4.35,-4.34,-7.30,-4.56,-4.34,-7.30,-4.56,-4.35,-7.28,-4.60,-4.35,-7.28,-4.60,
-2.30,-8.94,-4.26,-2.30,-8.94,-4.26,-4.99,-7.19,-4.38,-4.99,-7.19,-4.38,-5.04,-7.17,-4.47,-5.04,-7.17,-4.47,
-2.47,-8.74,-4.41,-2.47,-8.74,-4.41,-5.04,-7.20,-4.71,-5.04,-7.20,-4.71,-5.01,-7.21,-4.85,-5.01,-7.21,-4.85,
-1.70,-8.23,-3.74,-1.70,-8.23,-3.74,-4.82,-6.74,-4.45,-4.82,-6.74,-4.45,-4.80,-6.82,-4.35,-4.80,-6.82,-4.35,
0.12,-5.79,-3.54,0.12,-5.79,-3.54,-4.86,-6.39,-3.38,-4.86,-6.39,-3.38,-4.74,-6.17,-3.48,-4.74,-6.17,-3.48,

-0.78,9.41,2.44,-0.78,9.41,2.44,-1.89,9.23,1.27,-1.89,9.23,1.27,-1.79,9.26,1.31,-1.79,9.26,1.31,
-2.06,9.25,1.98,-2.06,9.25,1.98,-1.59,9.44,1.42,-1.59,9.44,1.42,-1.56,9.43,1.33,-1.56,9.43,1.33,
-1.78,10.39,2.42,-1.78,10.39,2.42,-2.02,10.26,0.66,-2.02,10.26,0.66,-2.13,9.96,0.59,-2.13,9.96,0.59,
-12.03,11.98,17.03,-12.03,11.98,17.03,-4.24,10.41,1.48,-4.24,10.41,1.48,-4.20,10.05,1.60,-4.20,10.05,1.60,
-17.26,14.51,3.66,-17.26,14.51,3.66,-5.10,13.02,5.38,-5.10,13.02,5.38,-5.03,12.86,5.52,-5.03,12.86,5.52,
-9.14,9.65,2.35,-9.14,9.65,2.35,-5.44,8.89,1.34,-5.44,8.89,1.34,-5.93,8.54,1.25,-5.93,8.54,1.25,
-6.24,3.66,0.86,-6.24,3.66,0.86,-7.40,-0.17,-2.62,-7.40,-0.17,-2.62,-7.24,-0.37,-2.55,-7.24,-0.37,-2.55,
0.12,-5.71,-2.68,0.12,-5.71,-2.68,-7.16,-5.33,-3.12,-7.16,-5.33,-3.12,-7.41,-5.57,-3.00,-7.41,-5.57,-3.00,
-0.06,-8.50,-4.41,-0.06,-8.50,-4.41,-6.60,-6.72,-4.46,-6.60,-6.72,-4.46,-6.40,-6.45,-4.33,-6.40,-6.45,-4.33,
-1.22,-7.70,-3.69,-1.22,-7.70,-3.69,-4.97,-6.31,-4.49,-4.97,-6.31,-4.49,-5.02,-6.41,-4.88,-5.02,-6.41,-4.88,
-2.10,-9.08,-3.75,-2.10,-9.08,-3.75,-5.66,-6.23,-4.62,-5.66,-6.23,-4.62,-5.30,-6.19,-4.75,-5.30,-6.19,-4.75,
-2.66,-9.00,-3.22,-2.66,-9.00,-3.22,-5.73,-6.61,-4.89,-5.73,-6.61,-4.89,-5.75,-6.58,-4.93,-5.75,-6.58,-4.93,
-2.99,-9.34,-3.27,-2.99,-9.34,-3.27,-5.50,-6.37,-4.79,-5.50,-6.37,-4.79,-5.53,-6.44,-5.04,-5.53,-6.44,-5.04,
-2.78,-8.91,-3.15,-2.78,-8.91,-3.15,-5.47,-6.39,-5.02,-5.47,-6.39,-5.02,-5.45,-6.37,-5.09,-5.45,-6.37,-5.09,
-2.27,-8.39,-3.09,-2.27,-8.39,-3.09,-5.16,-6.16,-4.93,-5.16,-6.16,-4.93,-5.17,-6.17,-4.93,-5.17,-6.17,-4.93,
0.51,-5.23,-3.07,0.51,-5.23,-3.07,-4.60,-5.00,-3.93,-4.60,-5.00,-3.93,-4.26,-5.02,-3.89,-4.26,-5.02,-3.89,

-2.16,8.96,2.36,-2.16,8.96,2.36,-2.29,9.08,1.86,-2.29,9.08,1.86,-2.27,9.05,1.88,-2.27,9.05,1.88,
-2.00,9.02,2.75,-2.00,9.02,2.75,-2.35,9.16,1.92,-2.35,9.16,1.92,-2.40,9.18,2.01,-2.40,9.18,2.01,
-3.24,9.03,2.61,-3.24,9.03,2.61,-2.99,8.72,1.32,-2.99,8.72,1.32,-2.95,8.72,1.35,-2.95,8.72,1.35,
-11.43,9.66,6.62,-11.43,9.66,6.62,-5.60,10.23,4.32,-5.60,10.23,4.32,-5.58,10.17,4.07,-5.58,10.17,4.07,
-14.75,9.78,3.44,-14.75,9.78,3.44,-4.11,12.09,5.73,-4.11,12.09,5.73,-3.19,11.62,5.14,-3.19,11.62,5.14,
-12.27,7.81,3.39,-12.27,7.81,3.39,-6.50,8.53,1.74,-6.50,8.53,1.74,-6.36,8.22,1.49,-6.36,8.22,1.49,
-6.24,3.66,0.94,-6.24,3.66,0.94,-8.22,2.12,-2.78,-8.22,2.12,-2.78,-8.25,1.57,-2.79,-8.25,1.57,-2.79,
-3.02,-1.19,-1.56,-3.02,-1.19,-1.56,-4.31,-4.99,-3.36,-4.31,-4.99,-3.36,-5.36,-5.53,-3.18,-5.36,-5.53,-3.18,
2.84,-7.79,-2.52,2.84,-7.79,-2.52,-4.94,-5.99,-4.22,-4.94,-5.99,-4.22,-4.79,-5.43,-4.10,-4.79,-5.43,-4.10,
0.39,-8.47,-3.59,0.39,-8.47,-3.59,-4.81,-6.76,-4.48,-4.81,-6.76,-4.48,-4.96,-7.34,-4.80,-4.96,-7.34,-4.80,
0.18,-9.58,-4.06,0.18,-9.58,-4.06,-4.46,-7.74,-5.01,-4.46,-7.74,-5.01,-4.44,-7.57,-5.09,-4.44,-7.57,-5.09,
-0.12,-9.11,-3.18,-0.12,-9.11,-3.18,-4.42,-6.60,-4.80,-4.42,-6.60,-4.80,-4.58,-6.59,-4.61,-4.58,-6.59,-4.61,
-0.73,-9.40,-3.51,-0.73,-9.40,-3.51,-4.47,-6.87,-5.16,-4.47,-6.87,-5.16,-4.54,-6.80,-5.17,-4.54,-6.80,-5.17,
-1.29,-9.27,-3.38,-1.29,-9.27,-3.38,-4.77,-6.62,-5.36,-4.77,-6.62,-5.36,-4.79,-6.58,-5.47,-4.79,-6.58,-5.47,
-1.07,-9.01,-3.70,-1.07,-9.01,-3.70,-4.47,-6.73,-5.13,-4.47,-6.73,-5.13,-4.50,-6.72,-5.09,-4.50,-6.72,-5.09,

-0.76,9.63,1.55,-0.76,9.63,1.55,-1.71,9.56,-0.29,-1.71,9.56,-0.29,-1.84,9.55,-0.25,-1.84,9.55,-0.25,
-0.46,9.55,1.28,-0.46,9.55,1.28,-1.66,9.51,-0.60,-1.66,9.51,-0.60,-1.74,9.47,-0.52,-1.74,9.47,-0.52,
-0.04,9.66,1.16,-0.04,9.66,1.16,-2.14,9.45,-0.49,-2.14,9.45,-0.49,-2.11,9.37,-0.50,-2.11,9.37,-0.50,
-1.38,9.96,1.67,-1.38,9.96,1.67,-2.67,9.66,0.02,-2.67,9.66,0.02,-2.75,9.71,0.07,-2.75,9.71,0.07,
-5.27,9.33,5.36,-5.27,9.33,5.36,-4.27,9.78,1.15,-4.27,9.78,1.15,-4.34,9.80,1.15,-4.34,9.80,1.15,
-15.59,8.81,1.61,-15.59,8.81,1.61,-5.51,10.14,4.59,-5.51,10.14,4.59,-5.74,10.04,4.66,-5.74,10.04,4.66,
-15.43,9.60,1.20,-15.43,9.60,1.20,-7.94,10.70,5.19,-7.94,10.70,5.19,-8.05,10.61,5.21,-8.05,10.61,5.21,
-9.38,8.15,0.47,-9.38,8.15,0.47,-7.51,6.05,-1.67,-7.51,6.05,-1.67,-7.64,5.87,-1.59,-7.64,5.87,-1.59,
-6.92,5.64,-0.89,-6.92,5.64,-0.89,-4.42,-1.18,-4.08,-4.42,-1.18,-4.08,-4.62,-1.78,-4.51,-4.62,-1.78,-4.51,
-0.73,-6.61,-1.51,-0.73,-6.61,-1.51,-5.64,-3.82,-5.49,-5.64,-3.82,-5.49,-5.57,-3.80,-5.37,-5.57,-3.80,-5.37,
-1.27,-7.07,-2.79,-1.27,-7.07,-2.79,-4.38,-4.68,-5.75,-4.38,-4.68,-5.75,-4.57,-5.23,-5.12,-4.57,-5.23,-5.12,
-0.68,-7.73,-4.04,-0.68,-7.73,-4.04,-3.70,-6.93,-4.79,-3.70,-6.93,-4.79,-3.63,-6.96,-4.75,-3.63,-6.96,-4.75,
-1.35,-9.09,-3.78,-1.35,-9.09,-3.78,-4.10,-6.69,-5.00,-4.10,-6.69,-5.00,-4.05,-6.70,-4.99,-4.05,-6.70,-4.99,
-1.76,-9.29,-3.30,-1.76,-9.29,-3.30,-4.89,-6.32,-5.47,-4.89,-6.32,-5.47,-4.88,-6.37,-5.55,-4.88,-6.37,-5.55,
-2.30,-9.30,-2.91,-2.30,-9.30,-2.91,-4.77,-6.62,-5.47,-4.77,-6.62,-5.47,-4.90,-6.63,-5.41,-4.90,-6.63,-5.41,
-2.03,-9.52,-2.97,-2.03,-9.52,-2.97,-4.68,-6.60,-5.76,-4.68,-6.60,-5.76,-4.61,-6.54,-5.65,-4.61,-6.54,-5.65,

-1.07,9.31,3.39,-1.07,9.31,3.39,-2.96,8.96,1.87,-2.96,8.96,1.87,-2.93,8.94,1.71,-2.93,8.94,1.71,
-2.27,9.18,2.45,-2.27,9.18,2.45,-2.79,9.15,2.30,-2.79,9.15,2.30,-2.84,9.07,2.22,-2.84,9.07,2.22,
-5.12,8.52,8.77,-5.12,8.52,8.77,-2.96,8.46,1.94,-2.96,8.46,1.94,-3.02,8.57,1.99,-3.02,8.57,1.99,
-16.11,10.90,5.54,-16.11,10.90,5.54,-5.18,12.83,5.57,-5.18,12.83,5.57,-4.87,12.89,5.44,-4.87,12.89,5.44,
-12.78,14.05,2.45,-12.78,14.05,2.45,-7.15,11.89,5.26,-7.15,11.89,5.26,-6.73,11.74,5.41,-6.73,11.74,5.41,
-7.26,8.38,2.48,-7.26,8.38,2.48,-4.79,5.44,-1.69,-4.79,5.44,-1.69,-5.73,3.59,-1.57,-5.73,3.59,-1.57,
-7.23,-1.67,-0.20,-7.23,-1.67,-0.20,-6.79,0.28,-3.45,-6.79,0.28,-3.45,-7.13,-0.11,-3.69,-7.13,-0.11,-3.69,
-2.04,-6.00,-3.21,-2.04,-6.00,-3.21,-6.28,-6.45,-3.13,-6.28,-6.45,-3.13,-6.51,-7.02,-3.81,-6.51,-7.02,-3.81,
-1.42,-8.07,-3.35,-1.42,-8.07,-3.35,-6.02,-4.86,-5.33,-6.02,-4.86,-5.33,-6.06,-4.91,-5.05,-6.06,-4.91,-5.05,
-0.96,-9.69,-4.55,-0.96,-9.69,-4.55,-4.47,-5.58,-5.69,-4.47,-5.58,-5.69,-4.44,-5.81,-6.03,-4.44,-5.81,-6.03,
-0.63,-9.03,-4.25,-0.63,-9.03,-4.25,-4.05,-6.39,-5.54,-4.05,-6.39,-5.54,-3.94,-6.36,-5.58,-3.94,-6.36,-5.58,
-0.48,-9.13,-3.84,-0.48,-9.13,-3.84,-4.46,-6.48,-5.82,-4.46,-6.48,-5.82,-4.53,-6.47,-5.92,-4.53,-6.47,-5.92,
-1.62,-9.29,-3.71,-1.62,-9.29,-3.71,-4.65,-6.34,-6.01,-4.65,-6.34,-6.01,-4.65,-6.30,-5.96,-4.65,-6.30,-5.96,
-1.57,-8.93,-3.65,-1.57,-8.93,-3.65,-4.51,-6.35,-5.93,-4.51,-6.35,-5.93,-4.53,-6.26,-5.93,-4.53,-6.26,-5.93,
-1.10,-7.70,-3.70,-1.10,-7.70,-3.70,-4.38,-6.17,-5.55,-4.38,-6.17,-5.55,-4.35,-6.10,-5.30,-4.35,-6.10,-5.30,
-0.10,-6.27,-3.91,-0.10,-6.27,-3.91,-4.65,-6.35,-5.02,-4.65,-6.35,-5.02,-4.66,-5.82,-4.02,-4.66,-5.82,-4.02,

0.10,9.14,1.83,0.10,9.14,1.83,-1.20,9.49,0.24,-1.20,9.49,0.24,-1.21,9.55,0.28,-1.21,9.55,0.28,
-0.01,9.76,2.30,-0.01,9.76,2.30,-1.64,9.63,0.53,-1.64,9.63,0.53,-1.68,9.63,0.62,-1.68,9.63,0.62,
-0.60,8.99,2.98,-0.60,8.99,2.98,-1.62,9.24,1.42,-1.62,9.24,1.42,-1.62,9.13,1.32,-1.62,9.13,1.32,
-1.98,9.52,6.23,-1.98,9.52,6.23,-3.90,9.45,-0.58,-3.90,9.45,-0.58,-3.89,9.26,-0.43,-3.89,9.26,-0.43,
-6.42,9.68,10.70,-6.42,9.68,10.70,-4.85,13.74,19.55,-4.85,13.74,19.55,-5.39,12.30,19.60,-5.39,12.30,19.60,
-15.62,12.93,-0.84,-15.62,12.93,-0.84,-7.52,10.96,6.08,-7.52,10.96,6.08,-7.75,11.23,6.15,-7.75,11.23,6.15,
-9.70,9.76,1.97,-9.70,9.76,1.97,-6.58,7.35,0.20,-6.58,7.35,0.20,-6.45,6.71,0.12,-6.45,6.71,0.12,
-6.45,1.05,0.46,-6.45,1.05,0.46,-8.00,0.76,-1.70,-8.00,0.76,-1.70,-8.24,0.63,-1.75,-8.24,0.63,-1.75,
-2.69,-2.60,-1.49,-2.69,-2.60,-1.49,-6.31,-4.02,-4.08,-6.31,-4.02,-4.08,-6.81,-4.07,-4.02,-6.81,-4.07,-4.02,
-2.28,-7.27,-2.66,-2.28,-7.27,-2.66,-6.27,-5.03,-3.72,-6.27,-5.03,-3.72,-6.25,-4.90,-3.67,-6.25,-4.90,-3.67,
-2.28,-8.57,-2.96,-2.28,-8.57,-2.96,-5.56,-5.86,-4.77,-5.56,-5.86,-4.77,-5.95,-6.01,-4.80,-5.95,-6.01,-4.80,
-2.74,-8.62,-2.87,-2.74,-8.62,-2.87,-5.69,-6.12,-4.82,-5.69,-6.12,-4.82,-5.55,-5.90,-4.61,-5.55,-5.90,-4.61,
-2.89,-9.15,-2.67,-2.89,-9.15,-2.67,-5.54,-6.25,-4.78,-5.54,-6.25,-4.78,-5.70,-6.14,-4.73,-5.70,-6.14,-4.73,
-2.80,-9.19,-2.66,-2.80,-9.19,-2.66,-5.76,-6.27,-4.81,-5.76,-6.27,-4.81,-5.73,-6.28,-4.79,-5.73,-6.28,-4.79,
-2.80,-8.62,-2.65,-2.80,-8.62,-2.65,-5.46,-6.05,-5.01,-5.46,-6.05,-5.01,-5.48,-6.05,-5.07,-5.48,-6.05,-5.07,
-1.04,-7.35,-2.84,-1.04,-7.35,-2.84,-4.84,-4.95,-5.06,-4.84,-4.95,-5.06,-4.93,-5.12,-5.07,-4.93,-5.12,-5.07,
-1.63,-6.05,-2.88,-1.63,-6.05,-2.88,-6.27,-4.60,-4.99,-6.27,-4.60,-4.99,-6.43,-4.59,-4.84,-6.43,-4.59,-4.84,

-0.36,9.27,3.54,-0.36,9.27,3.54,-1.49,9.68,0.13,-1.49,9.68,0.13,-1.55,9.72,0.19,-1.55,9.72,0.19,
-0.86,9.64,2.70,-0.86,9.64,2.70,-2.39,9.55,-0.39,-2.39,9.55,-0.39,-2.40,9.57,-0.45,-2.40,9.57,-0.45,
-2.30,9.43,5.25,-2.30,9.43,5.25,-2.35,9.46,1.03,-2.35,9.46,1.03,-2.12,9.43,1.05,-2.12,9.43,1.05,
-9.62,12.54,11.50,-9.62,12.54,11.50,-3.32,13.53,1.55,-3.32,13.53,1.55,-3.05,13.25,2.02,-3.05,13.25,2.02,
-14.75,14.60,4.28,-14.75,14.60,4.28,-4.96,13.95,6.82,-4.96,13.95,6.82,-5.05,13.62,6.87,-5.05,13.62,6.87,
-6.39,9.68,3.89,-6.39,9.68,3.89,-4.89,4.23,0.21,-4.89,4.23,0.21,-5.55,3.96,0.04,-5.55,3.96,0.04,
-3.59,-1.10,-3.27,-3.59,-1.10,-3.27,-6.64,-2.56,-2.85,-6.64,-2.56,-2.85,-6.85,-2.61,-2.25,-6.85,-2.61,-2.25,
-1.23,-4.94,-0.97,-1.23,-4.94,-0.97,-5.85,-4.49,-4.46,-5.85,-4.49,-4.46,-5.64,-5.21,-4.64,-5.64,-5.21,-4.64,
-0.76,-7.35,-3.18,-0.76,-7.35,-3.18,-3.97,-5.80,-5.63,-3.97,-5.80,-5.63,-3.86,-5.91,-5.61,-3.86,-5.91,-5.61,
-0.23,-8.71,-3.31,-0.23,-8.71,-3.31,-3.36,-6.63,-5.83,-3.36,-6.63,-5.83,-3.76,-6.87,-6.20,-3.76,-6.87,-6.20,
-1.01,-8.73,-3.73,-1.01,-8.73,-3.73,-3.39,-6.74,-5.84,-3.39,-6.74,-5.84,-3.40,-6.78,-5.59,-3.40,-6.78,-5.59,
-2.14,-9.14,-3.36,-2.14,-9.14,-3.36,-3.68,-6.74,-5.92,-3.68,-6.74,-5.92,-3.73,-6.81,-5.98,-3.73,-6.81,-5.98,
-2.39,-8.92,-3.30,-2.39,-8.92,-3.30,-3.75,-6.50,-6.14,-3.75,-6.50,-6.14,-3.75,-6.58,-6.18,-3.75,-6.58,-6.18,
-2.20,-8.63,-3.17,-2.20,-8.63,-3.17,-3.71,-6.47,-5.97,-3.71,-6.47,-5.97,-3.71,-6.38,-5.77,-3.71,-6.38,-5.77,

-0.59,9.27,2.00,-0.59,9.27,2.00,-1.90,9.36,0.90,-1.90,9.36,0.90,-1.86,9.39,0.79,-1.86,9.39,0.79,
-0.96,9.36,2.59,-0.96,9.36,2.59,-2.20,9.60,0.62,-2.20,9.60,0.62,-2.23,9.56,0.65,-2.23,9.56,0.65,
-5.31,10.44,8.72,-5.31,10.44,8.72,-3.39,10.07,3.23,-3.39,10.07,3.23,-3.46,10.01,3.43,-3.46,10.01,3.43,
-13.69,13.78,7.73,-13.69,13.78,7.73,-4.58,13.12,5.96,-4.58,13.12,5.96,-4.49,13.10,6.11,-4.49,13.10,6.11,
-8.78,11.88,6.05,-8.78,11.88,6.05,-5.54,10.91,4.31,-5.54,10.91,4.31,-5.38,10.88,4.54,-5.38,10.88,4.54,
-3.28,7.34,1.42,-3.28,7.34,1.42,-4.92,5.23,0.37,-4.92,5.23,0.37,-4.71,5.57,-0.27,-4.71,5.57,-0.27,
-5.86,0.33,-1.51,-5.86,0.33,-1.51,-6.61,-2.44,-3.06,-6.61,-2.44,-3.06,-6.69,-2.22,-3.41,-6.69,-2.22,-3.41,
-0.81,-4.49,-1.97,-0.81,-4.49,-1.97,-4.81,-5.10,-4.92,-4.81,-5.10,-4.92,-4.74,-5.80,-5.39,-4.74,-5.80,-5.39,
0.00,-7.11,-4.23,0.00,-7.11,-4.23,-3.53,-6.17,-5.41,-3.53,-6.17,-5.41,-3.27,-6.32,-5.48,-3.27,-6.32,-5.48,
-0.46,-8.69,-4.27,-0.46,-8.69,-4.27,-3.19,-6.56,-5.43,-3.19,-6.56,-5.43,-3.39,-6.85,-5.63,-3.39,-6.85,-5.63,
-1.12,-8.61,-4.10,-1.12,-8.61,-4.10,-3.82,-6.73,-5.92,-3.82,-6.73,-5.92,-3.83,-6.83,-6.00,-3.83,-6.83,-6.00,
-1.74,-9.11,-3.95,-1.74,-9.11,-3.95,-4.00,-6.89,-5.59,-4.00,-6.89,-5.59,-3.97,-6.91,-5.71,-3.97,-6.91,-5.71,
-2.17,-8.98,-3.72,-2.17,-8.98,-3.72,-4.05,-6.68,-5.89,-4.05,-6.68,-5.89,-4.10,-6.68,-5.88,-4.10,-6.68,-5.88,
-1.13,-7.84,-3.86,-1.13,-7.84,-3.86,-3.84,-6.41,-5.75,-3.84,-6.41,-5.75,-3.90,-6.44,-5.66,-3.90,-6.44,-5.66,
-0.63,-7.56,-3.86,-0.63,-7.56,-3.86,-4.44,-6.02,-4.89,-4.44,-6.02,-4.89,-4.46,-6.08,-4.51,-4.46,-6.08,-4.51,
-2.43,-6.40,-2.68,-2.43,-6.40,-2.68,-6.44,-4.12,-5.07,-6.44,-4.12,-5.07,-6.91,-3.92,-5.03,-6.91,-3.92,-5.03,

0.54,9.44,1.43,0.54,9.44,1.43,-1.58,9.48,-0.28,-1.58,9.48,-0.28,-1.55,9.51,-0.25,-1.55,9.51,-0.25,
0.63,9.37,1.18,0.63,9.37,1.18,-1.50,9.33,0.03,-1.50,9.33,0.03,-1.53,9.33,0.04,-1.53,9.33,0.04,
0.10,9.94,2.16,0.10,9.94,2.16,-2.02,10.03,0.09,-2.02,10.03,0.09,-2.03,10.10,0.11,-2.03,10.10,0.11,
-11.15,13.41,8.25,-11.15,13.41,8.25,-5.32,14.85,14.91,-5.32,14.85,14.91,-5.53,14.61,17.44,-5.53,14.61,17.44,
-12.91,13.02,4.10,-12.91,13.02,4.10,-6.66,10.63,5.31,-6.66,10.63,5.31,-6.69,10.67,5.34,-6.69,10.67,5.34,
-11.10,8.28,3.31,-11.10,8.28,3.31,-7.28,7.13,0.66,-7.28,7.13,0.66,-7.83,6.41,0.83,-7.83,6.41,0.83,
-5.25,1.59,0.51,-5.25,1.59,0.51,-6.43,-0.21,-1.96,-6.43,-0.21,-1.96,-6.77,-0.70,-2.06,-6.77,-0.70,-2.06,
-1.49,-2.76,-2.92,-1.49,-2.76,-2.92,-4.10,-1.84,-2.00,-4.10,-1.84,-2.00,-4.19,-1.75,-1.91,-4.19,-1.75,-1.91,
-2.54,-7.19,-2.94,-2.54,-7.19,-2.94,-4.52,-5.52,-3.67,-4.52,-5.52,-3.67,-5.26,-5.46,-3.97,-5.26,-5.46,-3.97,
-1.56,-8.64,-3.65,-1.56,-8.64,-3.65,-4.66,-7.29,-4.70,-4.66,-7.29,-4.70,-4.67,-7.54,-5.18,-4.67,-7.54,-5.18,
-1.06,-8.59,-3.61,-1.06,-8.59,-3.61,-4.29,-7.34,-4.71,-4.29,-7.34,-4.71,-4.22,-7.24,-4.64,-4.22,-7.24,-4.64,
-1.04,-9.18,-3.66,-1.04,-9.18,-3.66,-4.05,-7.34,-4.91,-4.05,-7.34,-4.91,-3.96,-7.34,-4.94,-3.96,-7.34,-4.94,
-1.37,-9.19,-3.41,-1.37,-9.19,-3.41,-4.40,-7.09,-5.04,-4.40,-7.09,-5.04,-4.40,-7.13,-4.94,-4.40,-7.13,-4.94,
-1.11,-8.15,-3.46,-1.11,-8.15,-3.46,-4.51,-7.35,-4.55,-4.51,-7.35,-4.55,-4.18,-6.92,-4.71,-4.18,-6.92,-4.71,
-0.12,-7.07,-3.89,-0.12,-7.07,-3.89,-4.28,-6.07,-4.11,-4.28,-6.07,-4.11,-4.36,-5.90,-4.21,-4.36,-5.90,-4.21,
-2.42,-5.13,-1.56,-2.42,-5.13,-1.56,-5.49,-3.42,-4.48,-5.49,-3.42,-4.48,-5.75,-3.38,-4.15,-5.75,-3.38,-4.15,

-1.08,9.33,3.22,-1.08,9.33,3.22,-1.09,9.77,0.43,-1.09,9.77,0.43,-1.04,9.72,0.38,-1.04,9.72,0.38,
-0.75,9.24,3.53,-0.75,9.24,3.53,-0.86,9.75,0.21,-0.86,9.75,0.21,-0.88,9.75,0.24,-0.88,9.75,0.24,
-2.17,8.59,4.76,-2.17,8.59,4.76,-1.35,9.41,0.49,-1.35,9.41,0.49,-1.31,9.31,0.51,-1.31,9.31,0.51,
-6.64,11.34,14.29,-6.64,11.34,14.29,-1.59,15.05,10.29,-1.59,15.05,10.29,-1.86,14.19,11.36,-1.86,14.19,11.36,
-12.22,10.06,10.87,-12.22,10.06,10.87,-3.58,13.97,6.74,-3.58,13.97,6.74,-3.90,13.97,7.14,-3.90,13.97,7.14,
-6.88,7.91,6.05,-6.88,7.91,6.05,-4.12,7.33,2.27,-4.12,7.33,2.27,-4.38,7.45,2.36,-4.38,7.45,2.36,
-4.00,-1.46,1.56,-4.00,-1.46,1.56,-6.37,-0.39,-2.49,-6.37,-0.39,-2.49,-6.54,-0.18,-2.25,-6.54,-0.18,-2.25,
-4.05,-4.50,-1.83,-4.05,-4.50,-1.83,-6.55,-4.10,-3.10,-6.55,-4.10,-3.10,-6.07,-3.92,-3.22,-6.07,-3.92,-3.22,
-0.58,-8.69,-2.05,-0.58,-8.69,-2.05,-5.22,-5.57,-4.75,-5.22,-5.57,-4.75,-4.77,-5.50,-4.55,-4.77,-5.50,-4.55,
-0.33,-8.49,-3.46,-0.33,-8.49,-3.46,-4.08,-7.14,-4.42,-4.08,-7.14,-4.42,-4.37,-7.33,-4.44,-4.37,-7.33,-4.44,
0.21,-8.65,-3.02,0.21,-8.65,-3.02,-3.97,-7.15,-4.66,-3.97,-7.15,-4.66,-3.91,-7.19,-4.64,-3.91,-7.19,-4.64,
-1.01,-9.59,-3.26,-1.01,-9.59,-3.26,-4.38,-7.25,-5.35,-4.38,-7.25,-5.35,-4.34,-7.20,-5.42,-4.34,-7.20,-5.42,
-1.68,-9.45,-3.05,-1.68,-9.45,-3.05,-4.64,-6.92,-5.32,-4.64,-6.92,-5.32,-4.62,-6.91,-5.33,-4.62,-6.91,-5.33,
-1.83,-9.19,-2.90,-1.83,-9.19,-2.90,-4.66,-6.75,-5.49,-4.66,-6.75,-5.49,-4.56,-6.74,-5.40,-4.56,-6.74,-5.40,
-1.96,-9.10,-3.20,-1.96,-9.10,-3.20,-4.76,-6.53,-5.19,-4.76,-6.53,-5.19,-4.71,-6.47,-5.19,-4.71,-6.47,-5.19,
-1.16,-6.99,-3.07,-1.16,-6.99,-3.07,-4.83,-4.97,-4.42,-4.83,-4.97,-4.42,-4.85,-4.99,-4.57,-4.85,-4.99,-4.57,

-1.51,8.96,2.78,-1.51,8.96,2.78,-1.37,9.24,0.62,-1.37,9.24,0.62,-1.40,9.24,0.67,-1.40,9.24,0.67,
-1.05,9.19,2.90,-1.05,9.19,2.90,-1.05,9.78,0.55,-1.05,9.78,0.55,-0.97,9.77,0.53,-0.97,9.77,0.53,
-0.88,9.38,2.68,-0.88,9.38,2.68,-1.01,9.66,-0.03,-1.01,9.66,-0.03,-0.93,9.63,-0.14,-0.93,9.63,-0.14,
-1.94,9.68,3.55,-1.94,9.68,3.55,-1.47,10.03,-0.54,-1.47,10.03,-0.54,-1.45,10.08,-0.46,-1.45,10.08,-0.46,
-4.23,9.74,7.68,-4.23,9.74,7.68,-2.16,9.83,1.21,-2.16,9.83,1.21,-2.24,9.89,1.26,-2.24,9.89,1.26,
-6.11,9.69,9.28,-6.11,9.69,9.28,-2.52,10.71,3.04,-2.52,10.71,3.04,-2.66,10.55,3.25,-2.66,10.55,3.25,
-11.85,9.70,6.28,-11.85,9.70,6.28,-4.96,11.32,5.16,-4.96,11.32,5.16,-4.89,11.11,5.12,-4.89,11.11,5.12,
-10.25,7.17,4.71,-10.25,7.17,4.71,-8.25,8.83,2.25,-8.25,8.83,2.25,-8.59,8.82,1.99,-8.59,8.82,1.99,
-5.26,0.45,-0.27,-5.26,0.45,-0.27,-8.01,-0.37,-2.02,-8.01,-0.37,-2.02,-8.13,0.03,-1.94,-8.13,0.03,-1.94,
-3.89,-2.82,-1.58,-3.89,-2.82,-1.58,-6.48,-4.73,-3.56,-6.48,-4.73,-3.56,-6.49,-4.60,-3.37,-6.49,-4.60,-3.37,
-1.38,-6.32,-3.43,-1.38,-6.32,-3.43,-5.88,-5.12,-4.31,-5.88,-5.12,-4.31,-5.52,-5.05,-4.18,-5.52,-5.05,-4.18,
-0.57,-8.50,-4.34,-0.57,-8.50,-4.34,-4.65,-5.86,-4.22,-4.65,-5.86,-4.22,-4.56,-5.60,-4.55,-4.56,-5.60,-4.55,
-0.19,-8.07,-3.35,-0.19,-8.07,-3.35,-4.39,-6.96,-4.65,-4.39,-6.96,-4.65,-4.33,-7.03,-4.67,-4.33,-7.03,-4.67,
0.68,-8.67,-3.62,0.68,-8.67,-3.62,-4.56,-7.09,-4.89,-4.56,-7.09,-4.89,-4.66,-7.27,-4.77,-4.66,-7.27,-4.77,
-1.05,-9.16,-3.84,-1.05,-9.16,-3.84,-4.56,-6.81,-4.78,-4.56,-6.81,-4.78,-4.51,-6.87,-4.82,-4.51,-6.87,-4.82,
-1.73,-9.33,-3.66,-1.73,-9.33,-3.66,-5.26,-6.77,-5.06,-5.26,-6.77,-5.06,-5.21,-7.01,-5.26,-5.21,-7.01,-5.26,
-1.99,-9.58,-3.68,-1.99,-9.58,-3.68,-5.27,-6.74,-5.30,-5.27,-6.74,-5.30,-5.24,-6.76,-5.22,-5.24,-6.76,-5.22,
-1.68,-8.88,-3.81,-1.68,-8.88,-3.81,-5.00,-6.51,-4.91,-5.00,-6.51,-4.91,-4.99,-6.53,-4.95,-4.99,-6.53,-4.95,
-1.39,-8.96,-3.90,-1.39,-8.96,-3.90,-4.95,-6.17,-4.69,-4.95,-6.17,-4.69,-4.77,-6.16,-4.85,-4.77,-6.16,-4.85,

-0.81,9.76,2.56,-0.81,9.76,2.56,-2.04,9.80,0.16,-2.04,9.80,0.16,-2.02,9.80,0.04,-2.02,9.80,0.04,
-0.47,9.47,2.96,-0.47,9.47,2.96,-1.79,9.61,0.41,-1.79,9.61,0.41,-1.81,9.64,0.35,-1.81,9.64,0.35,
-0.57,9.41,2.63,-0.57,9.41,2.63,-1.91,9.53,0.36,-1.91,9.53,0.36,-1.90,9.54,0.31,-1.90,9.54,0.31,
-5.00,9.98,8.19,-5.00,9.98,8.19,-3.06,9.78,0.14,-3.06,9.78,0.14,-3.21,9.97,0.37,-3.21,9.97,0.37,
-14.07,11.70,4.24,-14.07,11.70,4.24,-3.12,12.41,3.34,-3.12,12.41,3.34,-2.92,12.45,3.31,-2.92,12.45,3.31,
-9.80,13.03,3.07,-9.80,13.03,3.07,-6.15,10.65,2.95,-6.15,10.65,2.95,-6.33,10.31,2.98,-6.33,10.31,2.98,
-6.76,7.31,2.26,-6.76,7.31,2.26,-7.05,4.23,-0.32,-7.05,4.23,-0.32,-7.45,4.51,-0.91,-7.45,4.51,-0.91,
-5.48,-2.17,-2.07,-5.48,-2.17,-2.07,-6.84,-2.29,-1.36,-6.84,-2.29,-1.36,-6.52,-1.88,-1.07,-6.52,-1.88,-1.07,
-2.35,-5.96,-2.38,-2.35,-5.96,-2.38,-6.84,-4.91,-3.57,-6.84,-4.91,-3.57,-6.82,-5.01,-3.40,-6.82,-5.01,-3.40,
-2.01,-7.58,-2.82,-2.01,-7.58,-2.82,-5.23,-6.03,-3.81,-5.23,-6.03,-3.81,-5.20,-6.14,-3.43,-5.20,-6.14,-3.43,
-1.38,-8.24,-3.61,-1.38,-8.24,-3.61,-5.31,-7.11,-4.41,-5.31,-7.11,-4.41,-5.42,-8.17,-4.20,-5.42,-8.17,-4.20,
-1.12,-8.86,-3.04,-1.12,-8.86,-3.04,-5.05,-7.04,-3.74,-5.05,-7.04,-3.74,-5.20,-7.00,-3.76,-5.20,-7.00,-3.76,
-1.43,-8.78,-3.37,-1.43,-8.78,-3.37,-4.88,-7.00,-3.45,-4.88,-7.00,-3.45,-4.90,-6.98,-3.58,-4.90,-6.98,-3.58,
-2.31,-9.05,-3.51,-2.31,-9.05,-3.51,-5.52,-7.13,-4.57,-5.52,-7.13,-4.57,-5.63,-7.07,-4.45,-5.63,-7.07,-4.45,
-1.68,-7.82,-3.60,-1.68,-7.82,-3.60,-5.34,-6.40,-3.77,-5.34,-6.40,-3.77,-5.37,-6.28,-3.63,-5.37,-6.28,-3.63,
-1.23,-6.77,-3.66,-1.23,-6.77,-3.66,-5.99,-6.00,-3.11,-5.99,-6.00,-3.11,-5.96,-5.97,-3.22,-5.96,-5.97,-3.22,

-0.30,9.78,2.99,-0.30,9.78,2.99,-1.66,9.60,-0.29,-1.66,9.60,-0.29,-1.68,9.63,-0.29,-1.68,9.63,-0.29,
-0.49,9.36,4.34,-0.49,9.36,4.34,-1.42,9.69,0.20,-1.42,9.69,0.20,-1.35,9.70,0.11,-1.35,9.70,0.11,
-3.54,9.48,8.93,-3.54,9.48,8.93,-1.29,10.63,3.08,-1.29,10.63,3.08,-1.21,10.84,3.51,-1.21,10.84,3.51,
-10.48,12.04,7.36,-10.48,12.04,7.36,-4.49,11.53,4.75,-4.49,11.53,4.75,-4.35,11.67,4.71,-4.35,11.67,4.71,
-11.42,10.36,4.45,-11.42,10.36,4.45,-8.38,9.76,3.03,-8.38,9.76,3.03,-8.15,9.30,3.15,-8.15,9.30,3.15,
-6.41,5.27,1.65,-6.41,5.27,1.65,-5.56,4.39,-1.08,-5.56,4.39,-1.08,-5.48,4.21,-1.32,-5.48,4.21,-1.32,
-2.97,-1.61,-1.02,-2.97,-1.61,-1.02,-4.04,-2.58,-2.27,-4.04,-2.58,-2.27,-3.91,-2.59,-1.93,-3.91,-2.59,-1.93,
0.93,-5.56,-2.78,0.93,-5.56,-2.78,-4.12,-6.36,-3.84,-4.12,-6.36,-3.84,-4.45,-6.48,-3.96,-4.45,-6.48,-3.96,
-0.11,-7.89,-3.62,-0.11,-7.89,-3.62,-3.69,-7.13,-4.24,-3.69,-7.13,-4.24,-3.64,-7.39,-4.21,-3.64,-7.39,-4.21,
-0.03,-8.70,-3.76,-0.03,-8.70,-3.76,-4.26,-8.04,-3.97,-4.26,-8.04,-3.97,-4.29,-8.01,-4.07,-4.29,-8.01,-4.07,
-2.21,-9.16,-3.52,-2.21,-9.16,-3.52,-4.65,-7.47,-4.35,-4.65,-7.47,-4.35,-4.49,-7.55,-4.50,-4.49,-7.55,-4.50,
-2.71,-8.93,-3.42,-2.71,-8.93,-3.42,-4.60,-7.02,-4.70,-4.60,-7.02,-4.70,-4.58,-6.96,-4.65,-4.58,-6.96,-4.65,
-1.95,-8.76,-3.98,-1.95,-8.76,-3.98,-4.76,-7.06,-4.64,-4.76,-7.06,-4.64,-4.77,-7.05,-4.61,-4.77,-7.05,-4.61,
-0.05,-7.11,-4.27,-0.05,-7.11,-4.27,-4.46,-7.34,-4.19,-4.46,-7.34,-4.19,-4.50,-6.82,-4.60,-4.50,-6.82,-4.60,
-1.94,-7.25,-3.74,-1.94,-7.25,-3.74,-4.78,-5.59,-4.38,-4.78,-5.59,-4.38,-4.77,-5.42,-4.63,-4.77,-5.42,-4.63,

-0.99,9.42,2.36,-0.99,9.42,2.36,-0.82,9.74,-0.51,-0.82,9.74,-0.51,-0.85,9.65,-0.41,-0.85,9.65,-0.41,
-0.62,9.03,2.04,-0.62,9.03,2.04,-1.03,9.50,-0.04,-1.03,9.50,-0.04,-1.03,9.59,-0.11,-1.03,9.59,-0.11,
-1.12,9.04,3.36,-1.12,9.04,3.36,-1.43,9.71,0.40,-1.43,9.71,0.40,-1.36,9.70,0.22,-1.36,9.70,0.22,
-6.92,10.87,9.60,-6.92,10.87,9.60,-2.34,11.55,0.31,-2.34,11.55,0.31,-2.46,11.58,0.33,-2.46,11.58,0.33,
-13.59,12.46,2.33,-13.59,12.46,2.33,-4.06,11.43,4.07,-4.06,11.43,4.07,-4.21,11.73,3.91,-4.21,11.73,3.91,
-10.20,9.36,3.37,-10.20,9.36,3.37,-7.65,9.64,2.71,-7.65,9.64,2.71,-8.02,11.21,2.41,-8.02,11.21,2.41,
-7.46,2.95,0.93,-7.46,2.95,0.93,-7.13,3.00,-1.36,-7.13,3.00,-1.36,-6.88,2.80,-0.93,-6.88,2.80,-0.93,
-4.42,-3.09,-0.52,-4.42,-3.09,-0.52,-4.65,-3.66,-2.59,-4.65,-3.66,-2.59,-4.89,-4.08,-2.58,-4.89,-4.08,-2.58,
-1.81,-5.65,-2.11,-1.81,-5.65,-2.11,-4.57,-6.20,-4.52,-4.57,-6.20,-4.52,-4.26,-4.89,-3.93,-4.26,-4.89,-3.93,
-0.46,-7.74,-3.70,-0.46,-7.74,-3.70,-2.36,-5.48,-4.44,-2.36,-5.48,-4.44,-2.81,-5.72,-4.15,-2.81,-5.72,-4.15,
-0.18,-8.44,-4.20,-0.18,-8.44,-4.20,-3.02,-8.04,-4.94,-3.02,-8.04,-4.94,-3.18,-8.23,-4.98,-3.18,-8.23,-4.98,
-1.07,-8.68,-4.37,-1.07,-8.68,-4.37,-3.23,-7.74,-5.07,-3.23,-7.74,-5.07,-3.14,-7.73,-5.01,-3.14,-7.73,-5.01,
-1.77,-8.86,-3.60,-1.77,-8.86,-3.60,-3.32,-7.72,-4.83,-3.32,-7.72,-4.83,-3.32,-7.67,-5.01,-3.32,-7.67,-5.01,
-1.13,-7.55,-3.72,-1.13,-7.55,-3.72,-3.75,-6.80,-4.47,-3.75,-6.80,-4.47,-3.73,-6.71,-4.24,-3.73,-6.71,-4.24,

-0.66,9.50,2.84,-0.66,9.50,2.84,-1.02,9.75,0.02,-1.02,9.75,0.02,-1.03,9.73,-0.18,-1.03,9.73,-0.18,
-0.75,9.30,2.59,-0.75,9.30,2.59,-0.91,9.62,-0.05,-0.91,9.62,-0.05,-0.99,9.79,-0.03,-0.99,9.79,-0.03,
-1.30,9.04,1.58,-1.30,9.04,1.58,-1.16,9.18,-0.19,-1.16,9.18,-0.19,-1.08,9.22,-0.23,-1.08,9.22,-0.23,
-4.93,9.33,9.31,-4.93,9.33,9.31,-3.15,9.98,-0.27,-3.15,9.98,-0.27,-3.16,9.78,-0.33,-3.16,9.78,-0.33,
-12.29,11.23,7.54,-12.29,11.23,7.54,-0.66,10.04,5.75,-0.66,10.04,5.75,-0.56,10.13,4.72,-0.56,10.13,4.72,
-8.30,11.03,6.18,-8.30,11.03,6.18,-6.96,10.09,1.16,-6.96,10.09,1.16,-6.61,9.93,1.11,-6.61,9.93,1.11,
-7.93,6.14,3.67,-7.93,6.14,3.67,-8.55,5.37,-0.69,-8.55,5.37,-0.69,-8.41,4.98,-0.73,-8.41,4.98,-0.73,
-3.05,-3.87,-2.91,-3.05,-3.87,-2.91,-6.90,0.25,-3.04,-6.90,0.25,-3.04,-6.80,-0.00,-3.08,-6.80,-0.00,-3.08,
-3.70,-3.22,-0.91,-3.70,-3.22,-0.91,-4.23,-3.62,-3.35,-4.23,-3.62,-3.35,-4.35,-3.39,-3.39,-4.35,-3.39,-3.39,
0.12,-7.44,-2.67,0.12,-7.44,-2.67,-4.60,-6.37,-4.32,-4.60,-6.37,-4.32,-4.80,-6.52,-4.43,-4.80,-6.52,-4.43,
-1.14,-9.02,-3.01,-1.14,-9.02,-3.01,-3.97,-7.47,-4.56,-3.97,-7.47,-4.56,-3.94,-7.31,-4.30,-3.94,-7.31,-4.30,
-1.53,-9.28,-3.04,-1.53,-9.28,-3.04,-4.59,-7.41,-4.29,-4.59,-7.41,-4.29,-4.56,-7.31,-4.33,-4.56,-7.31,-4.33,
-2.19,-8.99,-3.81,-2.19,-8.99,-3.81,-4.52,-7.69,-4.76,-4.52,-7.69,-4.76,-4.50,-7.65,-4.63,-4.50,-7.65,-4.63,
-2.59,-8.99,-3.44,-2.59,-8.99,-3.44,-4.58,-7.16,-4.76,-4.58,-7.16,-4.76,-4.65,-7.16,-4.73,-4.65,-7.16,-4.73,
-2.86,-8.52,-3.59,-2.86,-8.52,-3.59,-4.51,-7.04,-4.61,-4.51,-7.04,-4.61,-4.55,-7.03,-4.84,-4.55,-7.03,-4.84,
-0.44,-6.34,-3.41,-0.44,-6.34,-3.41,-4.36,-6.04,-4.28,-4.36,-6.04,-4.28,-4.31,-6.27,-4.43,-4.31,-6.27,-4.43,

-0.42,9.76,0.70,-0.42,9.76,0.70,-1.07,9.56,-1.57,-1.07,9.56,-1.57,-0.97,9.60,-1.71,-0.97,9.60,-1.71,
-0.16,9.66,0.92,-0.16,9.66,0.92,-1.05,9.49,-1.89,-1.05,9.49,-1.89,-1.08,9.51,-1.80,-1.08,9.51,-1.80,
-1.28,9.32,0.68,-1.28,9.32,0.68,-1.12,9.06,-1.00,-1.12,9.06,-1.00,-1.07,9.12,-0.95,-1.07,9.12,-0.95,
-10.15,12.72,8.69,-10.15,12.72,8.69,-4.38,11.93,0.37,-4.38,11.93,0.37,-4.06,12.57,0.14,-4.06,12.57,0.14,
-12.99,11.94,4.74,-12.99,11.94,4.74,-5.59,12.07,3.89,-5.59,12.07,3.89,-5.32,11.21,3.89,-5.32,11.21,3.89,
-10.54,10.52,3.88,-10.54,10.52,3.88,-5.40,7.53,0.24,-5.40,7.53,0.24,-5.83,6.84,-0.17,-5.83,6.84,-0.17,
-3.74,4.23,2.75,-3.74,4.23,2.75,-6.62,1.08,-1.84,-6.62,1.08,-1.84,-6.71,1.46,-2.16,-6.71,1.46,-2.16,
-2.49,-2.80,-0.74,-2.49,-2.80,-0.74,-3.52,-2.20,-1.81,-3.52,-2.20,-1.81,-2.91,-2.83,-1.61,-2.91,-2.83,-1.61,
-0.87,-7.40,-2.84,-0.87,-7.40,-2.84,-4.86,-6.00,-3.71,-4.86,-6.00,-3.71,-4.86,-6.28,-3.89,-4.86,-6.28,-3.89,
-0.14,-8.14,-3.72,-0.14,-8.14,-3.72,-4.55,-7.55,-4.73,-4.55,-7.55,-4.73,-4.48,-7.17,-4.41,-4.48,-7.17,-4.41,
-0.21,-8.58,-4.12,-0.21,-8.58,-4.12,-4.16,-7.02,-4.14,-4.16,-7.02,-4.14,-4.12,-7.10,-4.03,-4.12,-7.10,-4.03,
-0.78,-9.13,-4.12,-0.78,-9.13,-4.12,-4.66,-7.78,-4.27,-4.66,-7.78,-4.27,-4.65,-7.76,-4.42,-4.65,-7.76,-4.42,
-1.44,-8.99,-3.69,-1.44,-8.99,-3.69,-4.68,-7.33,-4.37,-4.68,-7.33,-4.37,-4.67,-7.34,-4.35,-4.67,-7.34,-4.35,
-1.40,-8.63,-3.86,-1.40,-8.63,-3.86,-4.60,-7.05,-4.55,-4.60,-7.05,-4.55,-4.57,-6.96,-4.52,-4.57,-6.96,-4.52,

-3.12,9.96,5.24,-3.12,9.96,5.24,-2.18,9.44,-0.65,-2.18,9.44,-0.65,-2.20,9.53,-0.50,-2.20,9.53,-0.50,
-5.16,10.83,9.52,-5.16,10.83,9.52,-2.25,12.02,0.12,-2.25,12.02,0.12,-2.19,11.94,-0.11,-2.19,11.94,-0.11,
-11.27,12.01,8.09,-11.27,12.01,8.09,-4.73,12.45,3.88,-4.73,12.45,3.88,-4.41,12.24,3.55,-4.41,12.24,3.55,
-10.35,7.19,7.18,-10.35,7.19,7.18,-6.98,9.24,2.03,-6.98,9.24,2.03,-7.30,9.50,2.28,-7.30,9.50,2.28,
-6.07,3.70,3.71,-6.07,3.70,3.71,-7.77,3.31,-2.61,-7.77,3.31,-2.61,-7.65,3.70,-2.51,-7.65,3.70,-2.51,
-2.96,-2.25,-1.98,-2.96,-2.25,-1.98,-6.95,-2.40,-2.72,-6.95,-2.40,-2.72,-6.58,-2.37,-2.43,-6.58,-2.37,-2.43,
-1.07,-6.79,-2.43,-1.07,-6.79,-2.43,-5.36,-4.98,-3.03,-5.36,-4.98,-3.03,-5.63,-5.55,-3.54,-5.63,-5.55,-3.54,
-0.82,-6.09,-3.96,-0.82,-6.09,-3.96,-4.10,-6.78,-4.56,-4.10,-6.78,-4.56,-4.16,-6.50,-4.26,-4.16,-6.50,-4.26,
-0.61,-8.94,-3.44,-0.61,-8.94,-3.44,-4.06,-7.10,-4.62,-4.06,-7.10,-4.62,-4.12,-7.09,-4.73,-4.12,-7.09,-4.73,
-0.83,-9.21,-3.98,-0.83,-9.21,-3.98,-4.24,-7.64,-5.08,-4.24,-7.64,-5.08,-4.25,-7.56,-4.86,-4.25,-7.56,-4.86,
-1.48,-9.30,-3.49,-1.48,-9.30,-3.49,-4.35,-7.27,-4.41,-4.35,-7.27,-4.41,-4.40,-7.30,-4.42,-4.40,-7.30,-4.42,
-1.92,-9.20,-3.61,-1.92,-9.20,-3.61,-4.84,-7.22,-5.00,-4.84,-7.22,-5.00,-4.87,-7.23,-5.04,-4.87,-7.23,-5.04,
-2.03,-9.15,-3.16,-2.03,-9.15,-3.16,-4.65,-6.75,-4.92,-4.65,-6.75,-4.92,-4.68,-6.73,-4.88,-4.68,-6.73,-4.88,
-1.96,-8.67,-3.51,-1.96,-8.67,-3.51,-4.77,-7.36,-5.43,-4.77,-7.36,-5.43,-4.81,-7.20,-5.18,-4.81,-7.20,-5.18,
-0.61,-5.70,-3.51,-0.61,-5.70,-3.51,-4.85,-6.01,-3.74,-4.85,-6.01,-3.74,-4.91,-5.67,-3.49,-4.91,-5.67,-3.49,
-1.20,-4.87,-2.95,-1.20,-4.87,-2.95,-6.50,-4.33,-3.95,-6.50,-4.33,-3.95,-6.61,-4.47,-3.81,-6.61,-4.47,-3.81,

-3.38,8.90,6.95,-3.38,8.90,6.95,-2.45,9.12,1.28,-2.45,9.12,1.28,-2.52,9.33,1.33,-2.52,9.33,1.33,
-3.52,9.45,5.02,-3.52,9.45,5.02,-3.17,10.27,1.93,-3.17,10.27,1.93,-3.22,10.13,1.93,-3.22,10.13,1.93,
-6.02,11.22,7.87,-6.02,11.22,7.87,-4.25,10.26,2.07,-4.25,10.26,2.07,-4.37,10.38,2.16,-4.37,10.38,2.16,
-10.89,7.97,8.29,-10.89,7.97,8.29,-2.95,10.34,4.49,-2.95,10.34,4.49,-3.29,10.53,4.70,-3.29,10.53,4.70,
-11.02,6.46,6.89,-11.02,6.46,6.89,-7.47,9.84,2.19,-7.47,9.84,2.19,-7.07,9.44,2.15,-7.07,9.44,2.15,
-8.20,2.90,3.07,-8.20,2.90,3.07,-6.72,3.03,-1.59,-6.72,3.03,-1.59,-6.80,3.37,-2.28,-6.80,3.37,-2.28,
-4.19,-2.57,-1.44,-4.19,-2.57,-1.44,-6.19,-1.45,-2.27,-6.19,-1.45,-2.27,-6.20,-1.70,-2.43,-6.20,-1.70,-2.43,
-1.94,-5.16,-4.94,-1.94,-5.16,-4.94,-4.33,-6.65,-3.92,-4.33,-6.65,-3.92,-3.99,-6.65,-3.89,-3.99,-6.65,-3.89,
-1.58,-10.52,-0.67,-1.58,-10.52,-0.67,-4.91,-6.91,-3.92,-4.91,-6.91,-3.92,-5.05,-7.04,-3.81,-5.05,-7.04,-3.81,
-1.36,-9.47,-3.00,-1.36,-9.47,-3.00,-5.12,-7.27,-4.24,-5.12,-7.27,-4.24,-5.00,-7.34,-4.34,-5.00,-7.34,-4.34,
-1.40,-9.23,-2.81,-1.40,-9.23,-2.81,-4.75,-7.57,-4.19,-4.75,-7.57,-4.19,-4.75,-7.61,-4.28,-4.75,-7.61,-4.28,
-2.07,-9.29,-2.83,-2.07,-9.29,-2.83,-4.79,-7.44,-4.31,-4.79,-7.44,-4.31,-4.85,-7.45,-4.45,-4.85,-7.45,-4.45,
-2.08,-9.24,-2.72,-2.08,-9.24,-2.72,-4.88,-7.20,-4.42,-4.88,-7.20,-4.42,-4.86,-7.17,-4.42,-4.86,-7.17,-4.42,
-2.26,-9.15,-3.07,-2.26,-9.15,-3.07,-4.94,-7.13,-4.36,-4.94,-7.13,-4.36,-4.98,-7.13,-4.37,-4.98,-7.13,-4.37,
-2.00,-8.71,-3.19,-2.00,-8.71,-3.19,-5.19,-6.89,-4.46,-5.19,-6.89,-4.46,-5.09,-6.78,-4.25,-5.09,-6.78,-4.25,
-2.86,-8.82,-2.90,-2.86,-8.82,-2.90,-5.53,-6.57,-4.28,-5.53,-6.57,-4.28,-5.50,-6.55,-4.35,-5.50,-6.55,-4.35,
-2.44,-6.88,-3.52,-2.44,-6.88,-3.52,-5.25,-5.66,-3.92,-5.25,-5.66,-3.92,-5.20,-5.59,-3.93,-5.20,-5.59,-3.93,

0.24,9.79,0.69,0.24,9.79,0.69,-1.36,9.63,-0.66,-1.36,9.63,-0.66,-1.43,9.58,-0.68,-1.43,9.58,-0.68,
-0.07,9.52,1.01,-0.07,9.52,1.01,-0.98,9.53,-0.68,-0.98,9.53,-0.68,-1.01,9.55,-0.66,-1.01,9.55,-0.66,
-1.75,9.99,1.34,-1.75,9.99,1.34,-1.09,9.48,-0.11,-1.09,9.48,-0.11,-1.17,9.53,-0.10,-1.17,9.53,-0.10,
-5.94,12.31,8.61,-5.94,12.31,8.61,-3.84,10.71,0.71,-3.84,10.71,0.71,-3.96,10.98,0.62,-3.96,10.98,0.62,
-8.23,12.29,7.11,-8.23,12.29,7.11,-5.91,11.55,3.69,-5.91,11.55,3.69,-6.31,11.04,4.34,-6.31,11.04,4.34,
-13.16,9.15,6.85,-13.16,9.15,6.85,-11.15,10.28,-3.27,-11.15,10.28,-3.27,-11.18,9.55,-3.87,-11.18,9.55,-3.87,
-4.15,1.41,4.27,-4.15,1.41,4.27,-7.71,6.46,0.71,-7.71,6.46,0.71,-6.40,5.84,0.24,-6.40,5.84,0.24,
-0.71,-5.83,-1.18,-0.71,-5.83,-1.18,-5.07,-3.28,-4.49,-5.07,-3.28,-4.49,-5.33,-3.23,-4.78,-5.33,-3.23,-4.78,
-0.85,-7.01,-3.76,-0.85,-7.01,-3.76,-3.45,-5.57,-4.90,-3.45,-5.57,-4.90,-3.48,-5.49,-4.86,-3.48,-5.49,-4.86,
-2.14,-7.96,-3.92,-2.14,-7.96,-3.92,-4.49,-6.61,-5.99,-4.49,-6.61,-5.99,-4.42,-6.37,-5.76,-4.42,-6.37,-5.76,
-2.03,-8.37,-2.82,-2.03,-8.37,-2.82,-4.31,-6.39,-5.07,-4.31,-6.39,-5.07,-4.44,-6.72,-5.06,-4.44,-6.72,-5.06,
-2.55,-8.83,-2.80,-2.55,-8.83,-2.80,-4.86,-6.33,-5.59,-4.86,-6.33,-5.59,-4.91,-6.36,-5.62,-4.91,-6.36,-5.62,
-3.39,-8.91,-2.38,-3.39,-8.91,-2.38,-5.10,-6.36,-5.40,-5.10,-6.36,-5.40,-5.14,-6.37,-5.41,-5.14,-6.37,-5.41,
-3.32,-9.41,-2.43,-3.32,-9.41,-2.43,-5.51,-6.15,-5.67,-5.51,-6.15,-5.67,-5.41,-6.11,-5.79,-5.41,-6.11,-5.79,
-2.42,-8.26,-2.50,-2.42,-8.26,-2.50,-5.04,-6.05,-5.08,-5.04,-6.05,-5.08,-4.92,-6.05,-5.21,-4.92,-6.05,-5.21,
-0.39,-6.54,-3.66,-0.39,-6.54,-3.66,-4.27,-5.02,-4.59,-4.27,-5.02,-4.59,-4.41,-4.97,-4.67,-4.41,-4.97,-4.67,
-2.87,-5.69,-2.30,-2.87,-5.69,-2.30,-6.86,-2.97,-3.62,-6.86,-2.97,-3.62,-7.22,-2.86,-4.01,-7.22,-2.86,-4.01,
-5.56,-1.48,-2.12,-5.56,-1.48,-2.12,-8.94,-0.34,-1.74,-8.94,-0.34,-1.74,-9.08,-0.51,-1.51,-9.08,-0.51,-1.51,

-2.38,9.23,1.95,-2.38,9.23,1.95,-3.61,8.97,0.18,-3.61,8.97,0.18,-3.68,8.95,0.15,-3.68,8.95,0.15,
-2.23,9.21,1.70,-2.23,9.21,1.70,-3.76,8.91,0.10,-3.76,8.91,0.10,-3.80,8.85,0.16,-3.80,8.85,0.16,
-2.84,9.31,1.60,-2.84,9.31,1.60,-3.68,9.00,-0.15,-3.68,9.00,-0.15,-3.76,8.97,-0.19,-3.76,8.97,-0.19,
-6.48,8.93,6.60,-6.48,8.93,6.60,-2.90,10.29,2.34,-2.90,10.29,2.34,-3.03,10.33,2.43,-3.03,10.33,2.43,
-7.42,11.13,6.33,-7.42,11.13,6.33,-4.37,11.27,3.03,-4.37,11.27,3.03,-4.51,11.46,2.78,-4.51,11.46,2.78,
-12.71,11.41,1.14,-12.71,11.41,1.14,-5.01,10.60,3.55,-5.01,10.60,3.55,-5.11,10.37,3.94,-5.11,10.37,3.94,
-13.55,9.40,-5.21,-13.55,9.40,-5.21,-9.58,7.15,-0.03,-9.58,7.15,-0.03,-9.49,7.53,-0.07,-9.49,7.53,-0.07,
-5.98,1.88,-2.19,-5.98,1.88,-2.19,-7.04,1.50,-3.19,-7.04,1.50,-3.19,-7.25,1.00,-3.19,-7.25,1.00,-3.19,
-3.53,-2.16,-2.62,-3.53,-2.16,-2.62,-5.40,-4.38,-2.63,-5.40,-4.38,-2.63,-5.46,-5.11,-2.66,-5.46,-5.11,-2.66,
1.34,-7.99,-1.89,1.34,-7.99,-1.89,-5.35,-7.11,-3.02,-5.35,-7.11,-3.02,-5.01,-7.37,-3.02,-5.01,-7.37,-3.02,
0.62,-7.69,-4.61,0.62,-7.69,-4.61,-3.69,-6.61,-4.05,-3.69,-6.61,-4.05,-3.50,-6.75,-4.65,-3.50,-6.75,-4.65,
0.51,-8.45,-4.41,0.51,-8.45,-4.41,-3.55,-7.71,-4.43,-3.55,-7.71,-4.43,-3.49,-7.70,-4.71,-3.49,-7.70,-4.71,
-0.62,-8.36,-4.59,-0.62,-8.36,-4.59,-3.22,-7.64,-4.71,-3.22,-7.64,-4.71,-3.34,-7.65,-4.73,-3.34,-7.65,-4.73,
-1.91,-8.65,-4.89,-1.91,-8.65,-4.89,-4.06,-7.33,-5.14,-4.06,-7.33,-5.14,-4.20,-7.26,-5.02,-4.20,-7.26,-5.02,
-2.31,-8.47,-4.96,-2.31,-8.47,-4.96,-4.30,-7.18,-5.30,-4.30,-7.18,-5.30,-4.31,-7.16,-5.13,-4.31,-7.16,-5.13,
-1.70,-8.18,-4.78,-1.70,-8.18,-4.78,-4.20,-6.97,-5.08,-4.20,-6.97,-5.08,-4.01,-6.96,-5.01,-4.01,-6.96,-5.01,
