-2.43,9.39,2.51,-2.43,9.39,2.51,-1.65,9.55,0.35,-1.65,9.55,0.35,-1.60,9.54,0.44,-1.60,9.54,0.44,
-2.69,9.02,2.32,-2.69,9.02,2.32,-1.35,9.53,1.12,-1.35,9.53,1.12,-1.34,9.54,1.01,-1.34,9.54,1.01,
-2.99,9.12,3.18,-2.99,9.12,3.18,-2.02,9.30,0.54,-2.02,9.30,0.54,-2.02,9.30,0.48,-2.02,9.30,0.48,
-3.13,8.94,2.46,-3.13,8.94,2.46,-1.69,9.61,1.76,-1.69,9.61,1.76,-1.82,9.46,1.64,-1.82,9.46,1.64,
-2.58,8.25,1.43,-2.58,8.25,1.43,-1.84,9.24,0.70,-1.84,9.24,0.70,-1.86,9.28,0.50,-1.86,9.28,0.50,
-3.85,9.34,1.39,-3.85,9.34,1.39,-2.57,9.27,0.98,-2.57,9.27,0.98,-2.75,9.33,0.83,-2.75,9.33,0.83,
-15.25,8.94,5.23,-15.25,8.94,5.23,-6.21,10.46,2.01,-6.21,10.46,2.01,-6.35,10.52,2.29,-6.35,10.52,2.29,
-10.51,9.62,3.70,-10.51,9.62,3.70,-5.19,9.28,2.45,-5.19,9.28,2.45,-5.30,9.02,1.93,-5.30,9.02,1.93,
-9.36,6.95,2.37,-9.36,6.95,2.37,-7.85,6.69,-2.54,-7.85,6.69,-2.54,-7.56,6.77,-3.48,-7.56,6.77,-3.48,
-3.50,4.31,3.59,-3.50,4.31,3.59,-5.83,4.91,-1.43,-5.83,4.91,-1.43,-5.79,4.87,-1.67,-5.79,4.87,-1.67,
-4.31,3.86,2.21,-4.31,3.86,2.21,-7.30,3.18,-2.44,-7.30,3.18,-2.44,-7.10,2.92,-2.23,-7.10,2.92,-2.23,
-9.02,1.30,-5.94,-9.02,1.30,-5.94,-9.50,2.02,-0.54,-9.50,2.02,-0.54,-9.88,3.12,-0.71,-9.88,3.12,-0.71,
-8.81,1.31,-8.26,-8.81,1.31,-8.26,-9.03,4.22,-0.69,-9.03,4.22,-0.69,-8.91,4.05,-0.73,-8.91,4.05,-0.73,
-8.11,0.58,-9.86,-8.11,0.58,-9.86,-10.10,3.72,1.80,-10.10,3.72,1.80,-10.02,3.69,1.53,-10.02,3.69,1.53,
-7.77,0.87,-5.27,-7.77,0.87,-5.27,-8.45,4.27,0.74,-8.45,4.27,0.74,-8.31,4.33,0.72,-8.31,4.33,0.72,
-4.09,2.16,-4.21,-4.09,2.16,-4.21,-7.72,3.86,0.43,-7.72,3.86,0.43,-7.61,3.68,0.45,-7.61,3.68,0.45,

-3.31,8.90,2.90,-3.31,8.90,2.90,-1.43,9.73,0.81,-1.43,9.73,0.81,-1.41,9.65,1.05,-1.41,9.65,1.05,
-3.15,8.66,2.67,-3.15,8.66,2.67,-1.79,9.43,0.91,-1.79,9.43,0.91,-1.79,9.41,0.99,-1.79,9.41,0.99,
-3.34,8.96,2.36,-3.34,8.96,2.36,-1.88,9.65,0.74,-1.88,9.65,0.74,-1.85,9.66,0.75,-1.85,9.66,0.75,
-3.99,8.80,0.78,-3.99,8.80,0.78,-2.01,9.60,1.88,-2.01,9.60,1.88,-1.98,9.55,1.94,-1.98,9.55,1.94,
-13.27,8.31,1.98,-13.27,8.31,1.98,-2.08,9.01,4.69,-2.08,9.01,4.69,-1.92,8.99,4.67,-1.92,8.99,4.67,
-9.43,9.43,3.81,-9.43,9.43,3.81,-3.95,9.75,1.22,-3.95,9.75,1.22,-4.22,9.79,1.44,-4.22,9.79,1.44,
-6.81,7.97,4.22,-6.81,7.97,4.22,-6.06,7.89,2.02,-6.06,7.89,2.02,-6.21,7.81,1.78,-6.21,7.81,1.78,
-4.81,3.52,6.84,-4.81,3.52,6.84,-8.52,5.41,-1.06,-8.52,5.41,-1.06,-8.60,5.40,-0.83,-8.60,5.40,-0.83,
-7.83,3.55,4.73,-7.83,3.55,4.73,-7.85,4.90,-0.24,-7.85,4.90,-0.24,-8.25,5.12,-0.16,-8.25,5.12,-0.16,
-8.02,5.27,-0.09,-8.02,5.27,-0.09,-7.30,4.30,-2.38,-7.30,4.30,-2.38,-7.36,4.37,-2.29,-7.36,4.37,-2.29,
-7.26,4.93,-5.54,-7.26,4.93,-5.54,-9.25,4.29,1.00,-9.25,4.29,1.00,-9.24,4.31,1.01,-9.24,4.31,1.01,
-6.64,1.00,-7.51,-6.64,1.00,-7.51,-6.93,4.38,0.15,-6.93,4.38,0.15,-7.20,4.50,-0.14,-7.20,4.50,-0.14,
-7.70,-0.18,-6.56,-7.70,-0.18,-6.56,-8.07,6.25,2.42,-8.07,6.25,2.42,-7.99,6.34,2.54,-7.99,6.34,2.54,
-7.52,-0.52,-5.62,-7.52,-0.52,-5.62,-6.92,4.63,2.20,-6.92,4.63,2.20,-6.90,4.73,2.29,-6.90,4.73,2.29,
-5.54,1.55,-4.94,-5.54,1.55,-4.94,-6.90,5.51,2.06,-6.90,5.51,2.06,-6.83,5.64,2.25,-6.83,5.64,2.25,

-2.26,9.13,2.75,-2.26,9.13,2.75,-2.01,9.45,0.58,-2.01,9.45,0.58,-2.08,9.44,0.65,-2.08,9.44,0.65,
-2.18,9.09,2.62,-2.18,9.09,2.62,-1.85,9.52,0.73,-1.85,9.52,0.73,-1.85,9.54,0.68,-1.85,9.54,0.68,
-2.67,9.20,1.45,-2.67,9.20,1.45,-1.82,9.35,1.13,-1.82,9.35,1.13,-1.77,9.35,1.14,-1.77,9.35,1.14,
-3.69,9.01,2.33,-3.69,9.01,2.33,-1.84,9.61,1.34,-1.84,9.61,1.34,-1.82,9.79,1.28,-1.82,9.79,1.28,
-11.71,10.20,5.21,-11.71,10.20,5.21,-2.26,10.69,1.38,-2.26,10.69,1.38,-2.61,10.32,1.49,-2.61,10.32,1.49,
-6.69,8.47,4.05,-6.69,8.47,4.05,-3.93,8.25,4.73,-3.93,8.25,4.73,-3.88,8.34,4.13,-3.88,8.34,4.13,
-7.15,6.96,5.00,-7.15,6.96,5.00,-5.61,8.23,2.95,-5.61,8.23,2.95,-5.67,8.37,2.63,-5.67,8.37,2.63,
-5.81,6.55,5.50,-5.81,6.55,5.50,-6.03,7.38,-0.34,-6.03,7.38,-0.34,-6.06,7.41,-0.32,-6.06,7.41,-0.32,
-5.52,6.52,1.94,-5.52,6.52,1.94,-7.20,5.96,-0.71,-7.20,5.96,-0.71,-7.41,5.76,-0.60,-7.41,5.76,-0.60,
-6.70,4.55,-4.79,-6.70,4.55,-4.79,-7.46,4.95,2.07,-7.46,4.95,2.07,-7.46,5.28,1.65,-7.46,5.28,1.65,
-8.35,1.19,-8.85,-8.35,1.19,-8.85,-9.18,5.14,1.91,-9.18,5.14,1.91,-9.27,5.00,1.96,-9.27,5.00,1.96,
-7.63,0.82,-8.09,-7.63,0.82,-8.09,-8.90,5.60,2.25,-8.90,5.60,2.25,-8.97,5.48,2.25,-8.97,5.48,2.25,
-6.48,0.90,-5.55,-6.48,0.90,-5.55,-7.61,4.44,2.21,-7.61,4.44,2.21,-7.61,4.41,2.13,-7.61,4.41,2.13,
-5.45,1.62,-5.13,-5.45,1.62,-5.13,-7.26,5.28,3.70,-7.26,5.28,3.70,-7.19,5.44,3.75,-7.19,5.44,3.75,
-5.78,2.87,-3.45,-5.78,2.87,-3.45,-4.98,6.82,5.35,-4.98,6.82,5.35,-4.53,6.99,4.85,-4.53,6.99,4.85,

-2.61,9.47,2.18,-2.61,9.47,2.18,-3.21,9.39,0.37,-3.21,9.39,0.37,-3.32,9.40,0.37,-3.32,9.40,0.37,
-1.93,9.29,1.78,-1.93,9.29,1.78,-3.28,9.22,-0.10,-3.28,9.22,-0.10,-3.28,9.19,-0.22,-3.28,9.19,-0.22,
-3.37,9.02,1.24,-3.37,9.02,1.24,-2.74,9.14,0.86,-2.74,9.14,0.86,-2.87,9.13,0.92,-2.87,9.13,0.92,
-6.95,7.53,4.36,-6.95,7.53,4.36,-2.38,8.79,1.84,-2.38,8.79,1.84,-2.48,9.08,1.88,-2.48,9.08,1.88,
-5.80,11.03,2.88,-5.80,11.03,2.88,-3.75,9.79,1.64,-3.75,9.79,1.64,-3.70,9.67,1.59,-3.70,9.67,1.59,
-5.12,9.35,4.61,-5.12,9.35,4.61,-4.10,8.79,0.76,-4.10,8.79,0.76,-5.01,9.52,1.34,-5.01,9.52,1.34,
-6.53,6.62,3.79,-6.53,6.62,3.79,-6.65,6.76,2.01,-6.65,6.76,2.01,-6.49,6.70,2.07,-6.49,6.70,2.07,
-5.55,4.89,5.17,-5.55,4.89,5.17,-6.67,5.80,-0.37,-6.67,5.80,-0.37,-6.96,5.81,-0.57,-6.96,5.81,-0.57,
-7.83,3.17,1.63,-7.83,3.17,1.63,-7.99,4.56,1.11,-7.99,4.56,1.11,-7.95,4.54,1.11,-7.95,4.54,1.11,
-7.45,4.05,-4.10,-7.45,4.05,-4.10,-8.45,5.39,1.75,-8.45,5.39,1.75,-8.47,5.51,1.98,-8.47,5.51,1.98,
-7.56,0.21,-7.97,-7.56,0.21,-7.97,-9.53,4.58,2.58,-9.53,4.58,2.58,-9.33,4.46,2.87,-9.33,4.46,2.87,
-4.23,-0.69,-8.05,-4.23,-0.69,-8.05,-7.49,3.29,3.05,-7.49,3.29,3.05,-7.36,3.32,3.10,-7.36,3.32,3.10,
-7.19,-0.43,-5.76,-7.19,-0.43,-5.76,-7.26,4.88,4.14,-7.26,4.88,4.14,-7.24,4.96,4.07,-7.24,4.96,4.07,
-4.40,0.96,-6.11,-4.40,0.96,-6.11,-6.90,5.03,3.84,-6.90,5.03,3.84,-6.96,4.75,3.77,-6.96,4.75,3.77,

-1.55,9.41,2.26,-1.55,9.41,2.26,-1.10,9.74,0.72,-1.10,9.74,0.72,-1.20,9.88,0.87,-1.20,9.88,0.87,
-1.82,9.18,2.41,-1.82,9.18,2.41,-1.18,9.57,0.63,-1.18,9.57,0.63,-1.25,9.70,0.68,-1.25,9.70,0.68,
-1.84,9.59,2.08,-1.84,9.59,2.08,-1.21,9.91,0.89,-1.21,9.91,0.89,-1.31,9.94,0.85,-1.31,9.94,0.85,
-5.08,8.51,3.50,-5.08,8.51,3.50,-0.60,9.51,1.31,-0.60,9.51,1.31,-0.56,9.48,1.54,-0.56,9.48,1.54,
-5.52,9.79,5.86,-5.52,9.79,5.86,-2.50,10.85,0.91,-2.50,10.85,0.91,-2.58,10.85,0.94,-2.58,10.85,0.94,
-7.22,9.80,4.30,-7.22,9.80,4.30,-5.21,11.29,11.88,-5.21,11.29,11.88,-5.01,10.19,11.02,-5.01,10.19,11.02,
-6.78,7.55,4.10,-6.78,7.55,4.10,-5.73,8.06,1.52,-5.73,8.06,1.52,-5.61,7.93,1.20,-5.61,7.93,1.20,
-5.31,6.10,4.39,-5.31,6.10,4.39,-6.30,5.93,0.51,-6.30,5.93,0.51,-6.25,6.08,0.41,-6.25,6.08,0.41,
-7.55,5.16,0.12,-7.55,5.16,0.12,-7.74,4.58,0.61,-7.74,4.58,0.61,-7.68,4.70,0.48,-7.68,4.70,0.48,
-7.59,2.74,-4.57,-7.59,2.74,-4.57,-7.96,4.97,1.34,-7.96,4.97,1.34,-8.05,4.95,1.39,-8.05,4.95,1.39,
-6.45,1.54,-6.17,-6.45,1.54,-6.17,-8.52,3.98,3.33,-8.52,3.98,3.33,-8.41,3.94,3.42,-8.41,3.94,3.42,
-6.26,-0.25,-7.85,-6.26,-0.25,-7.85,-6.92,4.74,3.83,-6.92,4.74,3.83,-6.97,4.66,4.07,-6.97,4.66,4.07,
-7.87,0.86,-6.02,-7.87,0.86,-6.02,-7.18,5.46,3.68,-7.18,5.46,3.68,-7.12,5.56,3.86,-7.12,5.56,3.86,
-6.46,1.67,-4.55,-6.46,1.67,-4.55,-6.33,4.72,3.28,-6.33,4.72,3.28,-6.31,4.66,3.33,-6.31,4.66,3.33,

-1.17,9.34,2.19,-1.17,9.34,2.19,-1.92,9.40,0.35,-1.92,9.40,0.35,-1.99,9.43,0.48,-1.99,9.43,0.48,
-1.03,8.92,2.92,-1.03,8.92,2.92,-1.58,9.29,-0.25,-1.58,9.29,-0.25,-1.60,9.35,-0.34,-1.60,9.35,-0.34,
-0.49,9.59,1.06,-0.49,9.59,1.06,-1.69,9.52,-0.58,-1.69,9.52,-0.58,-1.67,9.51,-0.60,-1.67,9.51,-0.60,
-3.47,9.83,1.62,-3.47,9.83,1.62,-1.97,9.54,0.11,-1.97,9.54,0.11,-1.98,9.63,0.11,-1.98,9.63,0.11,
-8.42,9.93,6.81,-8.42,9.93,6.81,-6.08,10.30,1.25,-6.08,10.30,1.25,-5.83,10.24,1.11,-5.83,10.24,1.11,
-6.15,10.30,7.87,-6.15,10.30,7.87,-4.16,10.07,0.73,-4.16,10.07,0.73,-4.14,9.87,0.81,-4.14,9.87,0.81,
-5.51,8.21,5.91,-5.51,8.21,5.91,-5.37,8.79,3.48,-5.37,8.79,3.48,-5.33,8.74,3.67,-5.33,8.74,3.67,
-4.50,6.86,3.87,-4.50,6.86,3.87,-6.42,6.49,-0.37,-6.42,6.49,-0.37,-6.46,6.36,-0.42,-6.46,6.36,-0.42,
-6.98,3.97,-1.24,-6.98,3.97,-1.24,-8.71,4.73,-0.15,-8.71,4.73,-0.15,-8.79,4.68,-0.09,-8.79,4.68,-0.09,
-6.71,1.60,-5.34,-6.71,1.60,-5.34,-7.99,3.82,1.25,-7.99,3.82,1.25,-8.08,3.76,1.28,-8.08,3.76,1.28,
-6.73,-0.40,-7.24,-6.73,-0.40,-7.24,-7.36,4.35,2.87,-7.36,4.35,2.87,-7.55,4.43,2.79,-7.55,4.43,2.79,
-6.37,-0.02,-7.94,-6.37,-0.02,-7.94,-8.28,4.71,2.83,-8.28,4.71,2.83,-8.18,4.75,3.03,-8.18,4.75,3.03,
-7.11,0.95,-4.47,-7.11,0.95,-4.47,-6.47,4.82,3.24,-6.47,4.82,3.24,-6.43,5.08,3.40,-6.43,5.08,3.40,

-2.69,9.03,2.20,-2.69,9.03,2.20,-1.56,9.20,1.12,-1.56,9.20,1.12,-1.53,9.24,1.34,-1.53,9.24,1.34,
-8.50,7.52,9.44,-8.50,7.52,9.44,-3.59,9.42,1.20,-3.59,9.42,1.20,-3.97,9.64,1.06,-3.97,9.64,1.06,
-6.40,7.30,8.03,-6.40,7.30,8.03,-3.14,9.38,2.87,-3.14,9.38,2.87,-3.31,9.44,2.69,-3.31,9.44,2.69,
-7.15,7.43,5.38,-7.15,7.43,5.38,-5.58,8.80,2.07,-5.58,8.80,2.07,-5.47,9.14,2.17,-5.47,9.14,2.17,
-6.77,7.07,5.37,-6.77,7.07,5.37,-5.98,8.92,1.13,-5.98,8.92,1.13,-5.93,8.41,1.20,-5.93,8.41,1.20,
-7.03,6.25,3.39,-7.03,6.25,3.39,-6.08,6.36,1.46,-6.08,6.36,1.46,-6.10,6.47,1.25,-6.10,6.47,1.25,
-6.37,6.80,1.32,-6.37,6.80,1.32,-6.96,6.26,-0.37,-6.96,6.26,-0.37,-6.95,6.39,-0.40,-6.95,6.39,-0.40,
-7.79,6.45,-0.90,-7.79,6.45,-0.90,-7.11,6.29,2.22,-7.11,6.29,2.22,-7.04,6.21,2.16,-7.04,6.21,2.16,
-8.65,-0.38,-10.87,-8.65,-0.38,-10.87,-8.38,4.62,3.62,-8.38,4.62,3.62,-8.68,4.93,3.72,-8.68,4.93,3.72,
-6.05,1.24,-8.71,-6.05,1.24,-8.71,-7.10,5.98,2.97,-7.10,5.98,2.97,-7.00,6.25,2.80,-7.00,6.25,2.80,
-6.45,0.85,-5.07,-6.45,0.85,-5.07,-6.31,5.46,3.45,-6.31,5.46,3.45,-6.21,5.51,3.44,-6.21,5.51,3.44,
-4.14,2.76,-2.91,-4.14,2.76,-2.91,-5.68,5.95,2.90,-5.68,5.95,2.90,-5.69,6.25,3.01,-5.69,6.25,3.01,
-10.04,3.53,-3.20,-10.04,3.53,-3.20,-3.89,8.46,4.21,-3.89,8.46,4.21,-3.66,8.63,4.59,-3.66,8.63,4.59,
-8.76,7.49,-2.09,-8.76,7.49,-2.09,-1.58,10.40,3.28,-1.58,10.40,3.28,-1.55,10.60,3.10,-1.55,10.60,3.10,

0.88,10.05,2.84,0.88,10.05,2.84,-2.14,9.85,-1.16,-2.14,9.85,-1.16,-2.07,9.84,-1.16,-2.07,9.84,-1.16,
-0.44,9.67,0.63,-0.44,9.67,0.63,-2.38,9.45,-1.08,-2.38,9.45,-1.08,-2.40,9.48,-1.15,-2.40,9.48,-1.15,
-0.47,9.54,0.40,-0.47,9.54,0.40,-1.81,9.47,-0.59,-1.81,9.47,-0.59,-1.78,9.44,-0.54,-1.78,9.44,-0.54,
-2.88,9.82,-0.57,-2.88,9.82,-0.57,-1.76,8.76,1.25,-1.76,8.76,1.25,-1.62,8.80,1.26,-1.62,8.80,1.26,
-10.38,11.49,5.58,-10.38,11.49,5.58,-6.80,11.92,2.39,-6.80,11.92,2.39,-6.32,11.50,2.24,-6.32,11.50,2.24,
-7.50,11.15,7.49,-7.50,11.15,7.49,-5.65,8.82,8.62,-5.65,8.82,8.62,-5.10,8.71,7.70,-5.10,8.71,7.70,
-6.13,8.71,6.31,-6.13,8.71,6.31,-6.39,8.85,0.62,-6.39,8.85,0.62,-6.60,8.42,0.60,-6.60,8.42,0.60,
-4.49,6.50,2.86,-4.49,6.50,2.86,-5.47,5.25,0.03,-5.47,5.25,0.03,-5.23,5.13,-0.23,-5.23,5.13,-0.23,
-5.03,4.74,-2.32,-5.03,4.74,-2.32,-7.67,4.30,2.07,-7.67,4.30,2.07,-7.90,4.21,2.58,-7.90,4.21,2.58,
-6.11,-0.75,-12.31,-6.11,-0.75,-12.31,-10.57,4.07,2.29,-10.57,4.07,2.29,-10.45,4.24,1.85,-10.45,4.24,1.85,
-6.74,1.33,-6.53,-6.74,1.33,-6.53,-7.97,3.94,1.93,-7.97,3.94,1.93,-7.87,3.89,1.78,-7.87,3.89,1.78,
-5.96,0.96,-4.75,-5.96,0.96,-4.75,-7.29,3.91,2.32,-7.29,3.91,2.32,-7.21,3.82,2.31,-7.21,3.82,2.31,
-4.62,2.01,-4.86,-4.62,2.01,-4.86,-6.57,5.26,4.34,-6.57,5.26,4.34,-6.49,5.27,4.35,-6.49,5.27,4.35,
-7.83,6.31,-4.97,-7.83,6.31,-4.97,-4.63,7.81,1.74,-4.63,7.81,1.74,-4.30,8.28,2.09,-4.30,8.28,2.09,
-8.11,8.44,1.67,-8.11,8.44,1.67,-1.07,10.00,2.72,-1.07,10.00,2.72,-1.24,9.74,3.73,-1.24,9.74,3.73,

-1.40,8.99,2.88,-1.40,8.99,2.88,-1.84,9.47,1.45,-1.84,9.47,1.45,-1.78,9.48,1.29,-1.78,9.48,1.29,
-1.81,8.94,2.96,-1.81,8.94,2.96,-1.66,9.40,1.57,-1.66,9.40,1.57,-1.76,9.37,1.60,-1.76,9.37,1.60,
-2.63,8.82,3.95,-2.63,8.82,3.95,-2.79,9.08,1.37,-2.79,9.08,1.37,-2.73,9.03,1.26,-2.73,9.03,1.26,
-15.10,4.77,19.60,-15.10,4.77,19.60,-3.01,8.04,2.70,-3.01,8.04,2.70,-4.28,8.71,3.11,-4.28,8.71,3.11,
-0.00,-0.00,-0.00,-0.00,-0.00,-0.00,-4.09,11.46,3.61,-4.09,11.46,3.61,-4.16,11.20,3.41,-4.16,11.20,3.41,
-5.25,8.52,4.79,-5.25,8.52,4.79,-5.12,7.78,2.91,-5.12,7.78,2.91,-5.36,7.61,2.81,-5.36,7.61,2.81,
-4.23,8.04,4.24,-4.23,8.04,4.24,-6.28,6.66,0.77,-6.28,6.66,0.77,-6.45,6.86,0.86,-6.45,6.86,0.86,
-7.43,7.09,0.53,-7.43,7.09,0.53,-6.99,5.73,1.23,-6.99,5.73,1.23,-7.05,5.62,1.31,-7.05,5.62,1.31,
-7.88,-1.22,-10.28,-7.88,-1.22,-10.28,-11.22,4.22,4.46,-11.22,4.22,4.46,-11.62,4.39,4.35,-11.62,4.39,4.35,
-5.97,0.26,-8.35,-5.97,0.26,-8.35,-7.82,4.22,2.54,-7.82,4.22,2.54,-7.88,4.21,2.33,-7.88,4.21,2.33,
-8.21,-0.08,-6.51,-8.21,-0.08,-6.51,-8.80,4.49,3.08,-8.80,4.49,3.08,-8.67,4.46,3.14,-8.67,4.46,3.14,
-5.48,1.13,-3.87,-5.48,1.13,-3.87,-6.50,4.70,2.67,-6.50,4.70,2.67,-6.54,4.69,2.65,-6.54,4.69,2.65,
-8.06,1.08,-4.73,-8.06,1.08,-4.73,-5.46,7.38,4.60,-5.46,7.38,4.60,-5.36,7.43,4.68,-5.36,7.43,4.68,

-1.55,9.24,2.15,-1.55,9.24,2.15,-1.76,9.62,0.37,-1.76,9.62,0.37,-1.69,9.55,0.28,-1.69,9.55,0.28,
-1.58,9.31,2.32,-1.58,9.31,2.32,-1.86,9.53,0.17,-1.86,9.53,0.17,-1.83,9.49,0.14,-1.83,9.49,0.14,
-1.71,9.13,1.56,-1.71,9.13,1.56,-2.12,9.49,0.34,-2.12,9.49,0.34,-2.24,9.63,0.23,-2.24,9.63,0.23,
-18.71,10.64,19.60,-18.71,10.64,19.60,-2.34,10.97,2.33,-2.34,10.97,2.33,-2.59,10.79,2.41,-2.59,10.79,2.41,
-8.69,11.18,6.04,-8.69,11.18,6.04,-2.85,10.63,1.04,-2.85,10.63,1.04,-2.64,10.73,1.41,-2.64,10.73,1.41,
-6.81,9.79,5.15,-6.81,9.79,5.15,-3.59,9.54,2.30,-3.59,9.54,2.30,-3.95,9.89,2.50,-3.95,9.89,2.50,
-4.90,7.66,4.19,-4.90,7.66,4.19,-5.95,6.42,0.06,-5.95,6.42,0.06,-5.91,6.49,-0.03,-5.91,6.49,-0.03,
-5.34,5.17,2.23,-5.34,5.17,2.23,-5.93,6.07,1.24,-5.93,6.07,1.24,-6.05,6.31,1.50,-6.05,6.31,1.50,
-7.07,1.29,-6.28,-7.07,1.29,-6.28,-7.71,4.66,4.13,-7.71,4.66,4.13,-7.65,4.56,3.98,-7.65,4.56,3.98,
-5.63,0.43,-8.89,-5.63,0.43,-8.89,-8.68,4.76,3.05,-8.68,4.76,3.05,-8.61,4.54,2.98,-8.61,4.54,2.98,
-7.86,0.31,-7.39,-7.86,0.31,-7.39,-7.03,5.08,3.39,-7.03,5.08,3.39,-6.77,5.11,3.26,-6.77,5.11,3.26,
-5.61,1.60,-5.23,-5.61,1.60,-5.23,-6.45,4.64,3.18,-6.45,4.64,3.18,-6.45,4.86,3.28,-6.45,4.86,3.28,
-6.29,1.88,-5.94,-6.29,1.88,-5.94,-3.78,4.77,3.08,-3.78,4.77,3.08,-3.55,5.16,2.64,-3.55,5.16,2.64,
-8.71,4.20,-3.19,-8.71,4.20,-3.19,-4.25,8.39,4.78,-4.25,8.39,4.78,-4.09,8.29,4.54,-4.09,8.29,4.54,

-0.83,9.09,2.79,-0.83,9.09,2.79,-1.34,9.55,1.01,-1.34,9.55,1.01,-1.37,9.57,1.08,-1.37,9.57,1.08,
-1.05,9.23,2.61,-1.05,9.23,2.61,-1.47,9.53,0.95,-1.47,9.53,0.95,-1.44,9.57,0.99,-1.44,9.57,0.99,
-1.14,9.27,2.69,-1.14,9.27,2.69,-1.55,9.56,1.05,-1.55,9.56,1.05,-1.54,9.53,1.06,-1.54,9.53,1.06,
-2.68,8.86,2.13,-2.68,8.86,2.13,-1.41,9.04,0.99,-1.41,9.04,0.99,-1.37,9.17,1.08,-1.37,9.17,1.08,
-6.78,9.15,11.83,-6.78,9.15,11.83,-7.38,10.93,4.41,-7.38,10.93,4.41,-7.75,10.72,4.23,-7.75,10.72,4.23,
-9.61,8.40,7.42,-9.61,8.40,7.42,-3.58,9.39,3.97,-3.58,9.39,3.97,-3.54,9.57,3.13,-3.54,9.57,3.13,
-8.78,8.25,4.18,-8.78,8.25,4.18,-4.82,8.33,3.50,-4.82,8.33,3.50,-5.32,8.93,3.52,-5.32,8.93,3.52,
-6.32,5.81,4.06,-6.32,5.81,4.06,-6.58,9.19,2.50,-6.58,9.19,2.50,-6.56,8.81,2.69,-6.56,8.81,2.69,
-5.36,4.02,2.30,-5.36,4.02,2.30,-5.73,5.48,2.20,-5.73,5.48,2.20,-5.97,5.44,2.22,-5.97,5.44,2.22,
-7.46,2.03,-4.32,-7.46,2.03,-4.32,-6.31,5.03,2.90,-6.31,5.03,2.90,-6.53,5.09,2.93,-6.53,5.09,2.93,
-7.93,1.81,-8.50,-7.93,1.81,-8.50,-8.23,5.40,2.66,-8.23,5.40,2.66,-8.37,5.41,2.70,-8.37,5.41,2.70,
-8.21,1.46,-4.83,-8.21,1.46,-4.83,-7.02,6.44,3.90,-7.02,6.44,3.90,-6.94,6.43,4.00,-6.94,6.43,4.00,
-8.04,1.29,-5.03,-8.04,1.29,-5.03,-5.92,6.30,3.88,-5.92,6.30,3.88,-5.80,6.20,3.77,-5.80,6.20,3.77,
-5.93,2.06,-5.10,-5.93,2.06,-5.10,-5.25,6.49,3.58,-5.25,6.49,3.58,-5.18,6.30,3.52,-5.18,6.30,3.52,

-0.35,9.79,3.10,-0.35,9.79,3.10,-1.15,10.13,0.26,-1.15,10.13,0.26,-1.18,10.06,0.23,-1.18,10.06,0.23,
-1.03,9.20,2.27,-1.03,9.20,2.27,-1.41,9.46,0.09,-1.41,9.46,0.09,-1.46,9.53,0.13,-1.46,9.53,0.13,
-1.81,9.05,2.35,-1.81,9.05,2.35,-1.15,9.55,0.34,-1.15,9.55,0.34,-1.02,9.65,0.48,-1.02,9.65,0.48,
-10.52,9.32,8.89,-10.52,9.32,8.89,-3.53,10.90,2.92,-3.53,10.90,2.92,-3.31,10.65,2.82,-3.31,10.65,2.82,
-8.79,9.30,5.35,-8.79,9.30,5.35,-3.59,13.00,2.91,-3.59,13.00,2.91,-4.06,12.56,2.83,-4.06,12.56,2.83,
-5.05,8.74,5.80,-5.05,8.74,5.80,-3.55,8.80,3.29,-3.55,8.80,3.29,-3.71,8.69,3.31,-3.71,8.69,3.31,
-4.40,5.65,5.19,-4.40,5.65,5.19,-6.45,5.00,0.69,-6.45,5.00,0.69,-6.62,4.73,0.75,-6.62,4.73,0.75,
-7.10,4.35,0.10,-7.10,4.35,0.10,-6.99,5.54,1.70,-6.99,5.54,1.70,-6.76,5.67,1.55,-6.76,5.67,1.55,
-7.77,0.63,-6.70,-7.77,0.63,-6.70,-7.31,4.26,1.62,-7.31,4.26,1.62,-7.55,4.15,1.34,-7.55,4.15,1.34,
-6.35,0.34,-7.06,-6.35,0.34,-7.06,-8.83,3.90,2.49,-8.83,3.90,2.49,-8.70,4.02,2.70,-8.70,4.02,2.70,
-7.68,-0.16,-7.08,-7.68,-0.16,-7.08,-7.83,4.90,3.10,-7.83,4.90,3.10,-7.81,4.89,2.90,-7.81,4.89,2.90,
-7.15,1.10,-5.03,-7.15,1.10,-5.03,-6.70,4.79,2.46,-6.70,4.79,2.46,-6.66,4.74,2.43,-6.66,4.74,2.43,
-4.25,3.16,-3.80,-4.25,3.16,-3.80,-6.33,5.71,2.47,-6.33,5.71,2.47,-6.26,5.80,2.55,-6.26,5.80,2.55,
-8.08,6.40,-0.88,-8.08,6.40,-0.88,-2.39,8.02,3.91,-2.39,8.02,3.91,-2.58,7.97,3.98,-2.58,7.97,3.98,

-1.80,9.26,2.40,-1.80,9.26,2.40,-1.75,9.47,0.02,-1.75,9.47,0.02,-1.72,9.45,-0.12,-1.72,9.45,-0.12,
-1.85,9.21,2.04,-1.85,9.21,2.04,-1.53,9.56,0.21,-1.53,9.56,0.21,-1.57,9.57,0.13,-1.57,9.57,0.13,
-2.22,9.20,2.08,-2.22,9.20,2.08,-1.81,9.40,0.13,-1.81,9.40,0.13,-1.74,9.43,0.27,-1.74,9.43,0.27,
-3.90,8.52,1.63,-3.90,8.52,1.63,-1.31,9.21,0.51,-1.31,9.21,0.51,-1.20,9.22,0.45,-1.20,9.22,0.45,
-9.98,10.14,5.13,-9.98,10.14,5.13,-3.15,10.76,0.00,-3.15,10.76,0.00,-2.61,10.89,-0.08,-2.61,10.89,-0.08,
-7.23,10.32,4.78,-7.23,10.32,4.78,-4.09,9.70,2.05,-4.09,9.70,2.05,-3.79,9.46,1.90,-3.79,9.46,1.90,
-4.60,7.33,5.30,-4.60,7.33,5.30,-5.34,8.47,-0.43,-5.34,8.47,-0.43,-5.45,8.15,-0.43,-5.45,8.15,-0.43,
-5.31,4.50,3.70,-5.31,4.50,3.70,-6.92,5.82,1.31,-6.92,5.82,1.31,-7.04,5.74,1.59,-7.04,5.74,1.59,
-8.45,2.26,-1.23,-8.45,2.26,-1.23,-7.15,5.38,2.98,-7.15,5.38,2.98,-7.25,5.48,2.97,-7.25,5.48,2.97,
-7.92,2.88,-5.90,-7.92,2.88,-5.90,-8.36,6.04,2.22,-8.36,6.04,2.22,-8.29,5.94,1.86,-8.29,5.94,1.86,
-7.10,1.64,-8.08,-7.10,1.64,-8.08,-8.02,5.53,2.84,-8.02,5.53,2.84,-7.90,5.55,2.89,-7.90,5.55,2.89,
-7.97,1.40,-6.79,-7.97,1.40,-6.79,-7.30,6.47,3.12,-7.30,6.47,3.12,-7.30,6.30,2.97,-7.30,6.30,2.97,
-7.97,1.92,-4.96,-7.97,1.92,-4.96,-6.22,6.19,3.18,-6.22,6.19,3.18,-6.20,6.17,3.05,-6.20,6.17,3.05,
-5.20,2.79,-6.19,-5.20,2.79,-6.19,-4.86,6.67,2.43,-4.86,6.67,2.43,-4.87,6.66,2.28,-4.87,6.66,2.28,
-7.71,3.85,-4.90,-7.71,3.85,-4.90,-4.18,7.54,2.09,-4.18,7.54,2.09,-3.87,7.63,2.32,-3.87,7.63,2.32,

-0.00,-0.00,-0.00,-0.00,-0.00,-0.00,-2.25,9.28,0.28,-2.25,9.28,0.28,-2.25,9.27,0.29,-2.25,9.27,0.29,
-3.36,8.98,0.50,-3.36,8.98,0.50,-2.20,9.21,0.78,-2.20,9.21,0.78,-2.20,9.12,0.76,-2.20,9.12,0.76,
-7.99,9.68,3.69,-7.99,9.68,3.69,-4.70,10.09,0.79,-4.70,10.09,0.79,-4.68,10.09,0.57,-4.68,10.09,0.57,
-6.63,11.06,3.41,-6.63,11.06,3.41,-3.13,10.25,-1.29,-3.13,10.25,-1.29,-3.14,10.07,-1.27,-3.14,10.07,-1.27,
-5.52,10.10,4.57,-5.52,10.10,4.57,-3.44,10.02,-0.80,-3.44,10.02,-0.80,-3.69,10.12,-1.34,-3.69,10.12,-1.34,
-4.55,9.69,4.46,-4.55,9.69,4.46,-4.41,8.59,-0.52,-4.41,8.59,-0.52,-4.33,8.29,-0.70,-4.33,8.29,-0.70,
-6.13,9.72,1.62,-6.13,9.72,1.62,-5.87,7.77,-0.22,-5.87,7.77,-0.22,-6.05,7.88,-0.14,-6.05,7.88,-0.14,
-5.14,5.36,-4.28,-5.14,5.36,-4.28,-5.98,5.56,2.67,-5.98,5.56,2.67,-6.03,5.40,3.18,-6.03,5.40,3.18,
-5.69,-2.45,-10.26,-5.69,-2.45,-10.26,-6.13,5.32,4.10,-6.13,5.32,4.10,-5.63,5.32,3.82,-5.63,5.32,3.82,
-5.73,1.73,-9.70,-5.73,1.73,-9.70,-9.36,5.73,2.89,-9.36,5.73,2.89,-9.21,5.75,2.87,-9.21,5.75,2.87,
-7.26,0.89,-5.61,-7.26,0.89,-5.61,-6.23,5.33,4.26,-6.23,5.33,4.26,-6.21,5.23,4.08,-6.21,5.23,4.08,
-6.00,1.14,-5.20,-6.00,1.14,-5.20,-5.36,5.25,4.34,-5.36,5.25,4.34,-5.39,5.18,4.33,-5.39,5.18,4.33,
-5.95,1.37,-5.84,-5.95,1.37,-5.84,-4.23,6.91,4.83,-4.23,6.91,4.83,-4.22,7.10,4.73,-4.22,7.10,4.73,
-7.00,5.45,-3.78,-7.00,5.45,-3.78,-2.14,8.21,3.34,-2.14,8.21,3.34,-2.31,8.43,3.03,-2.31,8.43,3.03,
-7.02,8.13,0.01,-7.02,8.13,0.01,-2.45,9.45,2.88,-2.45,9.45,2.88,-2.46,9.53,3.12,-2.46,9.53,3.12,

-0.79,9.50,1.84,-0.79,9.50,1.84,-1.82,9.61,0.31,-1.82,9.61,0.31,-1.86,9.57,0.38,-1.86,9.57,0.38,
-1.00,9.54,1.96,-1.00,9.54,1.96,-1.87,9.60,0.26,-1.87,9.60,0.26,-1.88,9.62,0.25,-1.88,9.62,0.25,
-1.06,9.53,2.09,-1.06,9.53,2.09,-2.08,9.53,0.33,-2.08,9.53,0.33,-2.12,9.53,0.32,-2.12,9.53,0.32,
-1.90,9.04,1.56,-1.90,9.04,1.56,-2.18,9.17,0.91,-2.18,9.17,0.91,-2.15,9.15,0.75,-2.15,9.15,0.75,
-7.29,8.41,3.88,-7.29,8.41,3.88,-2.35,10.00,1.85,-2.35,10.00,1.85,-2.40,9.95,1.80,-2.40,9.95,1.80,
-9.08,8.51,5.69,-9.08,8.51,5.69,-2.84,10.57,0.90,-2.84,10.57,0.90,-3.06,10.63,0.81,-3.06,10.63,0.81,
-6.68,8.74,4.24,-6.68,8.74,4.24,-4.99,9.53,1.92,-4.99,9.53,1.92,-5.22,9.72,1.87,-5.22,9.72,1.87,
-5.68,7.40,4.58,-5.68,7.40,4.58,-5.95,7.32,0.45,-5.95,7.32,0.45,-5.98,7.13,0.44,-5.98,7.13,0.44,
-0.00,-0.00,-0.00,-0.00,-0.00,-0.00,-6.78,5.80,1.39,-6.78,5.80,1.39,-6.94,5.77,1.46,-6.94,5.77,1.46,
-6.53,5.63,-0.69,-6.53,5.63,-0.69,-6.15,5.51,0.34,-6.15,5.51,0.34,-6.03,5.84,0.08,-6.03,5.84,0.08,
-7.08,5.06,-4.99,-7.08,5.06,-4.99,-7.72,6.13,1.23,-7.72,6.13,1.23,-7.76,6.18,1.42,-7.76,6.18,1.42,
-6.20,1.15,-9.07,-6.20,1.15,-9.07,-7.89,6.02,3.59,-7.89,6.02,3.59,-7.78,6.03,3.48,-7.78,6.03,3.48,
-6.92,1.42,-7.91,-6.92,1.42,-7.91,-6.96,6.40,3.52,-6.96,6.40,3.52,-6.97,6.26,3.49,-6.97,6.26,3.49,
-8.48,1.28,-6.81,-8.48,1.28,-6.81,-6.75,6.50,3.86,-6.75,6.50,3.86,-7.03,6.46,3.81,-7.03,6.46,3.81,
-7.68,1.66,-4.93,-7.68,1.66,-4.93,-5.39,6.56,3.44,-5.39,6.56,3.44,-5.37,6.53,3.54,-5.37,6.53,3.54,

-1.20,9.45,1.59,-1.20,9.45,1.59,-1.75,9.53,0.26,-1.75,9.53,0.26,-1.70,9.56,0.36,-1.70,9.56,0.36,
-1.34,9.37,1.89,-1.34,9.37,1.89,-1.69,9.58,0.15,-1.69,9.58,0.15,-1.72,9.58,0.16,-1.72,9.58,0.16,
-1.69,9.17,2.07,-1.69,9.17,2.07,-1.86,9.34,0.61,-1.86,9.34,0.61,-1.85,9.28,0.47,-1.85,9.28,0.47,
-11.34,8.33,6.87,-11.34,8.33,6.87,-3.06,9.98,2.38,-3.06,9.98,2.38,-3.47,10.30,2.61,-3.47,10.30,2.61,
-6.00,9.17,6.02,-6.00,9.17,6.02,-0.97,10.93,-0.14,-0.97,10.93,-0.14,-1.55,10.75,0.13,-1.55,10.75,0.13,
-0.00,-0.00,-0.00,-0.00,-0.00,-0.00,-3.33,9.24,1.43,-3.33,9.24,1.43,-3.44,9.06,1.40,-3.44,9.06,1.40,
-6.87,7.35,4.22,-6.87,7.35,4.22,-5.01,8.09,0.68,-5.01,8.09,0.68,-4.96,8.45,0.63,-4.96,8.45,0.63,
-6.32,5.06,2.66,-6.32,5.06,2.66,-6.36,6.00,1.67,-6.36,6.00,1.67,-6.36,5.94,1.81,-6.36,5.94,1.81,
-6.68,4.28,-1.07,-6.68,4.28,-1.07,-7.44,5.42,2.51,-7.44,5.42,2.51,-7.53,5.33,2.47,-7.53,5.33,2.47,
-7.30,1.01,-6.85,-7.30,1.01,-6.85,-7.79,4.98,3.21,-7.79,4.98,3.21,-7.74,4.90,3.31,-7.74,4.90,3.31,
-7.24,2.16,-7.53,-7.24,2.16,-7.53,-7.38,5.89,2.66,-7.38,5.89,2.66,-7.54,6.00,2.73,-7.54,6.00,2.73,
-8.11,1.58,-6.52,-8.11,1.58,-6.52,-6.80,6.70,3.64,-6.80,6.70,3.64,-6.68,6.87,3.75,-6.68,6.87,3.75,
-8.19,2.32,-5.58,-8.19,2.32,-5.58,-5.58,7.08,3.56,-5.58,7.08,3.56,-5.62,7.00,3.50,-5.62,7.00,3.50,

-1.09,9.42,1.93,-1.09,9.42,1.93,-1.94,9.52,0.10,-1.94,9.52,0.10,-1.95,9.54,0.19,-1.95,9.54,0.19,
-1.09,9.42,1.87,-1.09,9.42,1.87,-1.77,9.50,0.22,-1.77,9.50,0.22,-1.80,9.36,0.22,-1.80,9.36,0.22,
-2.36,9.34,1.27,-2.36,9.34,1.27,-2.32,9.80,0.30,-2.32,9.80,0.30,-2.45,9.82,0.16,-2.45,9.82,0.16,
-14.54,5.45,2.03,-14.54,5.45,2.03,-1.95,9.77,0.91,-1.95,9.77,0.91,-1.98,9.66,1.05,-1.98,9.66,1.05,
-6.01,8.89,5.25,-6.01,8.89,5.25,0.37,11.23,-0.52,0.37,11.23,-0.52,-0.24,10.89,-0.28,-0.24,10.89,-0.28,
-5.29,8.54,4.77,-5.29,8.54,4.77,-3.21,9.39,1.70,-3.21,9.39,1.70,-3.38,9.24,1.69,-3.38,9.24,1.69,
-5.84,7.38,3.73,-5.84,7.38,3.73,-5.50,7.81,0.79,-5.50,7.81,0.79,-5.69,7.81,0.90,-5.69,7.81,0.90,
-6.06,5.55,2.07,-6.06,5.55,2.07,-6.17,5.87,1.69,-6.17,5.87,1.69,-6.09,6.02,1.71,-6.09,6.02,1.71,
-0.00,-0.00,-0.00,-0.00,-0.00,-0.00,-6.99,6.20,3.12,-6.99,6.20,3.12,-6.79,6.13,3.19,-6.79,6.13,3.19,
-7.93,1.97,-3.10,-7.93,1.97,-3.10,-6.18,5.72,3.30,-6.18,5.72,3.30,-5.99,5.75,3.37,-5.99,5.75,3.37,
-7.00,2.43,-6.56,-7.00,2.43,-6.56,-6.41,5.72,3.42,-6.41,5.72,3.42,-6.57,5.92,3.62,-6.57,5.92,3.62,
-0.00,-0.00,-0.00,-0.00,-0.00,-0.00,-6.15,6.63,4.51,-6.15,6.63,4.51,-6.19,6.68,4.55,-6.19,6.68,4.55,
-7.59,2.31,-6.14,-7.59,2.31,-6.14,-5.51,7.19,3.85,-5.51,7.19,3.85,-5.44,7.15,3.89,-5.44,7.15,3.89,
-5.82,3.25,-5.23,-5.82,3.25,-5.23,-5.31,6.99,3.39,-5.31,6.99,3.39,-5.43,6.98,3.55,-5.43,6.98,3.55,

-4.84,8.42,1.94,-4.84,8.42,1.94,-1.29,9.57,1.13,-1.29,9.57,1.13,-1.34,9.58,1.15,-1.34,9.58,1.15,
-4.58,8.30,2.08,-4.58,8.30,2.08,-1.25,9.70,1.03,-1.25,9.70,1.03,-1.22,9.56,0.94,-1.22,9.56,0.94,
-4.59,8.52,1.79,-4.59,8.52,1.79,-1.52,9.72,0.75,-1.52,9.72,0.75,-1.42,9.66,0.81,-1.42,9.66,0.81,
-3.93,8.97,0.88,-3.93,8.97,0.88,-1.22,9.52,1.46,-1.22,9.52,1.46,-1.19,9.54,1.38,-1.19,9.54,1.38,
-10.17,8.20,2.61,-10.17,8.20,2.61,-3.08,10.65,1.67,-3.08,10.65,1.67,-3.16,10.67,1.43,-3.16,10.67,1.43,
-7.72,9.37,2.91,-7.72,9.37,2.91,-3.96,9.68,2.16,-3.96,9.68,2.16,-3.97,9.77,2.15,-3.97,9.77,2.15,
-6.80,7.90,3.53,-6.80,7.90,3.53,-3.78,8.95,1.42,-3.78,8.95,1.42,-3.91,8.85,1.52,-3.91,8.85,1.52,
-7.40,6.58,3.11,-7.40,6.58,3.11,-6.61,7.86,-0.06,-6.61,7.86,-0.06,-6.46,7.82,0.00,-6.46,7.82,0.00,
-7.45,5.20,0.78,-7.45,5.20,0.78,-7.07,6.25,0.24,-7.07,6.25,0.24,-7.14,6.31,0.60,-7.14,6.31,0.60,
-8.23,3.78,-0.96,-8.23,3.78,-0.96,-7.83,5.72,0.33,-7.83,5.72,0.33,-7.92,5.70,0.63,-7.92,5.70,0.63,
-7.58,1.80,-4.05,-7.58,1.80,-4.05,-7.27,5.47,1.50,-7.27,5.47,1.50,-7.28,5.51,1.41,-7.28,5.51,1.41,
-6.43,1.89,-6.42,-6.43,1.89,-6.42,-8.17,4.70,1.44,-8.17,4.70,1.44,-8.17,4.76,1.45,-8.17,4.76,1.45,
-6.71,0.95,-7.52,-6.71,0.95,-7.52,-7.57,5.48,1.72,-7.57,5.48,1.72,-7.55,5.46,1.84,-7.55,5.46,1.84,
-7.73,0.89,-6.68,-7.73,0.89,-6.68,-7.35,5.96,2.74,-7.35,5.96,2.74,-7.39,6.00,2.67,-7.39,6.00,2.67,
-7.88,1.95,-5.19,-7.88,1.95,-5.19,-6.05,6.25,2.12,-6.05,6.25,2.12,-6.05,6.22,2.18,-6.05,6.22,2.18,

-2.39,9.21,2.46,-2.39,9.21,2.46,-1.56,9.59,0.37,-1.56,9.59,0.37,-1.50,9.59,0.43,-1.50,9.59,0.43,
-2.75,9.41,1.99,-2.75,9.41,1.99,-1.76,9.59,0.45,-1.76,9.59,0.45,-1.77,9.54,0.44,-1.77,9.54,0.44,
-2.41,9.14,2.35,-2.41,9.14,2.35,-1.36,9.54,0.63,-1.36,9.54,0.63,-1.31,9.61,0.66,-1.31,9.61,0.66,
-4.16,9.19,2.20,-4.16,9.19,2.20,-1.57,9.77,0.86,-1.57,9.77,0.86,-1.64,9.87,1.02,-1.64,9.87,1.02,
-10.28,9.79,4.48,-10.28,9.79,4.48,-3.66,10.53,1.02,-3.66,10.53,1.02,-3.86,10.54,1.12,-3.86,10.54,1.12,
-0.00,-0.00,-0.00,-0.00,-0.00,-0.00,-2.96,10.04,2.19,-2.96,10.04,2.19,-2.48,9.92,2.18,-2.48,9.92,2.18,
-5.57,7.93,3.67,-5.57,7.93,3.67,-4.66,8.03,0.85,-4.66,8.03,0.85,-4.62,7.82,0.94,-4.62,7.82,0.94,
-6.08,5.10,2.33,-6.08,5.10,2.33,-6.59,5.32,0.74,-6.59,5.32,0.74,-6.40,5.34,0.73,-6.40,5.34,0.73,
-7.83,3.49,-1.22,-7.83,3.49,-1.22,-8.28,4.65,0.43,-8.28,4.65,0.43,-8.27,4.57,0.47,-8.27,4.57,0.47,
-7.59,1.41,-4.45,-7.59,1.41,-4.45,-7.67,4.14,0.79,-7.67,4.14,0.79,-7.49,4.40,0.93,-7.49,4.40,0.93,
-7.80,2.05,-5.65,-7.80,2.05,-5.65,-8.03,5.02,1.70,-8.03,5.02,1.70,-8.16,5.02,1.72,-8.16,5.02,1.72,
-7.69,1.18,-6.89,-7.69,1.18,-6.89,-8.26,5.32,2.27,-8.26,5.32,2.27,-8.27,5.39,2.20,-8.27,5.39,2.20,
-7.65,2.27,-4.75,-7.65,2.27,-4.75,-7.06,5.98,2.67,-7.06,5.98,2.67,-7.05,5.94,2.88,-7.05,5.94,2.88,
-7.76,1.94,-4.89,-7.76,1.94,-4.89,-6.45,5.87,2.98,-6.45,5.87,2.98,-6.46,5.90,2.90,-6.46,5.90,2.90,
-6.36,3.47,-4.89,-6.36,3.47,-4.89,-5.60,6.71,2.86,-5.60,6.71,2.86,-5.49,6.81,2.76,-5.49,6.81,2.76,

-2.14,9.12,2.09,-2.14,9.12,2.09,-1.84,9.50,0.54,-1.84,9.50,0.54,-1.86,9.42,0.70,-1.86,9.42,0.70,
-2.22,9.22,2.36,-2.22,9.22,2.36,-1.83,9.52,0.49,-1.83,9.52,0.49,-1.84,9.46,0.46,-1.84,9.46,0.46,
-2.52,9.33,1.18,-2.52,9.33,1.18,-1.93,9.59,0.59,-1.93,9.59,0.59,-1.93,9.62,0.48,-1.93,9.62,0.48,
-6.94,9.12,1.57,-6.94,9.12,1.57,-1.53,9.71,1.12,-1.53,9.71,1.12,-1.53,9.73,1.24,-1.53,9.73,1.24,
-6.03,9.74,4.82,-6.03,9.74,4.82,-2.32,10.85,1.06,-2.32,10.85,1.06,-1.51,10.95,1.17,-1.51,10.95,1.17,
19.45,7.53,4.00,19.45,7.53,4.00,-3.08,9.05,1.26,-3.08,9.05,1.26,-3.19,9.04,1.19,-3.19,9.04,1.19,
-6.45,7.26,3.87,-6.45,7.26,3.87,-5.71,8.13,0.35,-5.71,8.13,0.35,-5.58,8.12,0.37,-5.58,8.12,0.37,
-6.62,4.53,2.45,-6.62,4.53,2.45,-6.69,6.42,0.87,-6.69,6.42,0.87,-6.60,6.36,0.75,-6.60,6.36,0.75,
-7.08,3.07,-1.34,-7.08,3.07,-1.34,-7.92,5.33,1.14,-7.92,5.33,1.14,-8.03,5.22,1.52,-8.03,5.22,1.52,
-7.60,-0.09,-4.95,-7.60,-0.09,-4.95,-7.96,5.07,1.51,-7.96,5.07,1.51,-7.97,5.02,1.50,-7.97,5.02,1.50,
-7.33,0.62,-6.15,-7.33,0.62,-6.15,-7.23,4.41,1.40,-7.23,4.41,1.40,-7.24,4.29,1.46,-7.24,4.29,1.46,
-8.70,0.00,-6.62,-8.70,0.00,-6.62,-8.67,5.67,1.94,-8.67,5.67,1.94,-8.73,5.55,1.89,-8.73,5.55,1.89,
-8.56,1.37,-4.35,-8.56,1.37,-4.35,-6.44,6.14,2.25,-6.44,6.14,2.25,-6.42,6.13,2.20,-6.42,6.13,2.20,
-4.56,2.94,-3.78,-4.56,2.94,-3.78,-6.35,6.12,1.85,-6.35,6.12,1.85,-6.40,6.56,2.09,-6.40,6.56,2.09,
-0.00,-0.00,-0.00,-0.00,-0.00,-0.00,-3.43,7.76,2.08,-3.43,7.76,2.08,-3.46,8.01,2.10,-3.46,8.01,2.10,

-2.23,9.04,3.15,-2.23,9.04,3.15,-1.52,9.49,-0.05,-1.52,9.49,-0.05,-1.61,9.56,0.21,-1.61,9.56,0.21,
-2.15,9.03,3.19,-2.15,9.03,3.19,-1.80,9.53,-0.01,-1.80,9.53,-0.01,-1.76,9.50,0.03,-1.76,9.50,0.03,
-2.03,8.71,3.10,-2.03,8.71,3.10,-1.93,9.29,0.40,-1.93,9.29,0.40,-1.89,9.20,0.33,-1.89,9.20,0.33,
-9.12,7.80,4.82,-9.12,7.80,4.82,-2.28,9.69,0.74,-2.28,9.69,0.74,-2.42,10.00,0.86,-2.42,10.00,0.86,
-8.86,9.38,4.37,-8.86,9.38,4.37,-2.82,10.58,0.19,-2.82,10.58,0.19,-2.48,10.53,0.43,-2.48,10.53,0.43,
-6.54,9.58,4.76,-6.54,9.58,4.76,-3.92,9.40,0.79,-3.92,9.40,0.79,-3.82,9.57,0.96,-3.82,9.57,0.96,
-5.22,6.31,4.72,-5.22,6.31,4.72,-5.96,6.92,0.52,-5.96,6.92,0.52,-6.14,7.05,0.40,-6.14,7.05,0.40,
-6.72,4.13,1.85,-6.72,4.13,1.85,-6.89,5.61,0.05,-6.89,5.61,0.05,-6.96,5.57,0.10,-6.96,5.57,0.10,
-7.75,3.57,-2.31,-7.75,3.57,-2.31,-7.82,4.45,0.34,-7.82,4.45,0.34,-7.97,4.55,0.45,-7.97,4.55,0.45,
-7.66,1.14,-5.53,-7.66,1.14,-5.53,-7.86,4.62,1.65,-7.86,4.62,1.65,-7.82,4.58,1.66,-7.82,4.58,1.66,
-7.40,0.40,-7.89,-7.40,0.40,-7.89,-8.47,5.39,1.63,-8.47,5.39,1.63,-8.37,5.47,1.66,-8.37,5.47,1.66,
-7.25,0.44,-6.81,-7.25,0.44,-6.81,-8.12,5.56,2.02,-8.12,5.56,2.02,-8.00,5.57,2.00,-8.00,5.57,2.00,

-2.50,8.93,1.79,-2.50,8.93,1.79,-2.73,9.40,0.69,-2.73,9.40,0.69,-2.72,9.45,0.60,-2.72,9.45,0.60,
-4.35,8.80,1.23,-4.35,8.80,1.23,-1.96,9.21,0.69,-1.96,9.21,0.69,-1.82,9.26,0.78,-1.82,9.26,0.78,
-10.36,6.92,6.78,-10.36,6.92,6.78,-8.15,9.26,2.98,-8.15,9.26,2.98,-7.81,9.15,2.86,-7.81,9.15,2.86,
-6.51,7.31,9.19,-6.51,7.31,9.19,-4.26,9.34,1.31,-4.26,9.34,1.31,-4.19,9.18,1.40,-4.19,9.18,1.40,
-5.91,6.14,5.71,-5.91,6.14,5.71,-5.44,8.14,0.78,-5.44,8.14,0.78,-5.41,8.16,0.66,-5.41,8.16,0.66,
19.45,7.53,4.00,19.45,7.53,4.00,-6.18,7.11,-0.54,-6.18,7.11,-0.54,-5.97,7.15,-0.50,-5.97,7.15,-0.50,
-7.53,6.42,1.92,-7.53,6.42,1.92,-6.40,6.15,-0.95,-6.40,6.15,-0.95,-6.41,6.10,-0.72,-6.41,6.10,-0.72,
-8.33,4.28,-1.03,-8.33,4.28,-1.03,-7.41,6.60,1.42,-7.41,6.60,1.42,-7.36,6.60,1.45,-7.36,6.60,1.45,
-6.55,3.92,-5.55,-6.55,3.92,-5.55,-5.60,5.65,1.26,-5.60,5.65,1.26,-5.54,5.68,1.33,-5.54,5.68,1.33,
-6.46,1.12,-8.19,-6.46,1.12,-8.19,-7.61,5.35,1.68,-7.61,5.35,1.68,-7.34,5.30,1.67,-7.34,5.30,1.67,
-7.98,0.26,-6.58,-7.98,0.26,-6.58,-7.25,6.32,3.42,-7.25,6.32,3.42,-7.38,6.33,3.66,-7.38,6.33,3.66,
-8.95,-0.10,-6.16,-8.95,-0.10,-6.16,-5.82,6.80,3.81,-5.82,6.80,3.81,-5.72,6.87,3.54,-5.72,6.87,3.54,
-5.78,2.46,-4.80,-5.78,2.46,-4.80,-5.22,6.16,2.22,-5.22,6.16,2.22,-5.48,6.34,2.41,-5.48,6.34,2.41,

-1.58,9.30,2.16,-1.58,9.30,2.16,-2.10,9.52,0.80,-2.10,9.52,0.80,-2.15,9.57,0.86,-2.15,9.57,0.86,
-1.64,9.14,2.38,-1.64,9.14,2.38,-1.82,9.56,1.26,-1.82,9.56,1.26,-1.83,9.53,1.31,-1.83,9.53,1.31,
-1.87,9.54,2.91,-1.87,9.54,2.91,-2.39,9.82,0.86,-2.39,9.82,0.86,-2.55,9.76,0.68,-2.55,9.76,0.68,
-7.71,9.13,5.99,-7.71,9.13,5.99,-3.30,10.20,1.93,-3.30,10.20,1.93,-3.27,10.62,1.95,-3.27,10.62,1.95,
-0.00,-0.00,-0.00,-0.00,-0.00,-0.00,-4.77,10.14,1.39,-4.77,10.14,1.39,-4.87,10.09,1.35,-4.87,10.09,1.35,
-8.37,8.09,3.68,-8.37,8.09,3.68,-5.25,9.09,2.76,-5.25,9.09,2.76,-5.38,9.25,2.34,-5.38,9.25,2.34,
-6.35,6.67,3.35,-6.35,6.67,3.35,-6.34,6.24,-0.13,-6.34,6.24,-0.13,-6.49,6.39,-0.11,-6.49,6.39,-0.11,
-6.55,5.30,1.53,-6.55,5.30,1.53,-6.52,6.64,0.35,-6.52,6.64,0.35,-6.61,6.60,0.24,-6.61,6.60,0.24,
-6.96,3.89,-3.42,-6.96,3.89,-3.42,-6.52,5.44,1.77,-6.52,5.44,1.77,-6.63,5.47,1.80,-6.63,5.47,1.80,
-7.30,2.50,-6.56,-7.30,2.50,-6.56,-7.97,5.97,2.74,-7.97,5.97,2.74,-7.79,5.86,2.76,-7.79,5.86,2.76,
-7.09,1.12,-7.09,-7.09,1.12,-7.09,-6.16,5.98,3.61,-6.16,5.98,3.61,-6.06,5.98,3.69,-6.06,5.98,3.69,
-8.05,1.36,-6.30,-8.05,1.36,-6.30,-5.66,7.47,4.68,-5.66,7.47,4.68,-5.53,7.41,4.79,-5.53,7.41,4.79,
-7.11,1.54,-5.56,-7.11,1.54,-5.56,-5.26,6.17,4.20,-5.26,6.17,4.20,-5.12,6.04,4.19,-5.12,6.04,4.19,
-4.61,3.20,-3.04,-4.61,3.20,-3.04,-4.31,7.36,3.79,-4.31,7.36,3.79,-4.33,7.19,3.78,-4.33,7.19,3.78,
-7.53,4.40,-4.05,-7.53,4.40,-4.05,-3.25,8.88,5.47,-3.25,8.88,5.47,-2.86,8.03,4.76,-2.86,8.03,4.76,

-0.82,9.60,2.01,-0.82,9.60,2.01,-1.86,9.50,0.13,-1.86,9.50,0.13,-1.80,9.62,0.03,-1.80,9.62,0.03,
-2.03,9.23,2.59,-2.03,9.23,2.59,-1.81,9.27,0.56,-1.81,9.27,0.56,-1.83,9.36,0.52,-1.83,9.36,0.52,
-5.10,9.43,5.09,-5.10,9.43,5.09,-3.57,9.72,1.77,-3.57,9.72,1.77,-3.43,9.68,1.85,-3.43,9.68,1.85,
-9.12,10.19,8.89,-9.12,10.19,8.89,-1.62,11.19,0.53,-1.62,11.19,0.53,-1.95,10.99,0.35,-1.95,10.99,0.35,
-0.00,-0.00,-0.00,-0.00,-0.00,-0.00,-3.87,9.15,1.72,-3.87,9.15,1.72,-3.90,9.39,1.58,-3.90,9.39,1.58,
-6.62,8.10,3.15,-6.62,8.10,3.15,-5.80,7.74,0.81,-5.80,7.74,0.81,-5.82,7.58,0.80,-5.82,7.58,0.80,
-5.95,5.06,1.71,-5.95,5.06,1.71,-7.06,5.03,0.71,-7.06,5.03,0.71,-6.88,5.10,0.71,-6.88,5.10,0.71,
-6.63,2.53,-2.03,-6.63,2.53,-2.03,-7.19,4.95,1.43,-7.19,4.95,1.43,-7.36,4.93,1.52,-7.36,4.93,1.52,
-6.96,0.78,-5.11,-6.96,0.78,-5.11,-7.64,4.48,2.75,-7.64,4.48,2.75,-7.46,4.52,2.92,-7.46,4.52,2.92,
-6.29,0.09,-7.18,-6.29,0.09,-7.18,-7.14,4.23,3.15,-7.14,4.23,3.15,-7.27,4.46,3.26,-7.27,4.46,3.26,
-6.87,0.73,-7.81,-6.87,0.73,-7.81,-7.67,5.24,3.93,-7.67,5.24,3.93,-7.70,5.01,4.00,-7.70,5.01,4.00,
-7.12,0.98,-6.51,-7.12,0.98,-6.51,-6.44,5.22,3.93,-6.44,5.22,3.93,-6.58,5.27,4.00,-6.58,5.27,4.00,

-0.84,9.49,2.27,-0.84,9.49,2.27,-1.77,9.56,0.20,-1.77,9.56,0.20,-1.85,9.56,0.07,-1.85,9.56,0.07,
-1.15,9.44,2.25,-1.15,9.44,2.25,-1.86,9.54,0.24,-1.86,9.54,0.24,-1.89,9.55,0.22,-1.89,9.55,0.22,
-1.48,9.43,1.95,-1.48,9.43,1.95,-2.02,9.47,0.13,-2.02,9.47,0.13,-1.99,9.44,0.17,-1.99,9.44,0.17,
-2.48,8.86,2.01,-2.48,8.86,2.01,-2.09,9.19,1.59,-2.09,9.19,1.59,-1.99,9.18,1.37,-1.99,9.18,1.37,
-7.61,10.44,3.32,-7.61,10.44,3.32,-2.42,10.43,1.97,-2.42,10.43,1.97,-2.53,10.35,1.56,-2.53,10.35,1.56,
-8.69,10.61,1.76,-8.69,10.61,1.76,-4.57,11.22,2.13,-4.57,11.22,2.13,-4.60,10.94,2.10,-4.60,10.94,2.10,
-0.00,-0.00,-0.00,-0.00,-0.00,-0.00,-5.73,8.36,1.07,-5.73,8.36,1.07,-5.91,8.27,1.07,-5.91,8.27,1.07,
-5.90,5.20,3.61,-5.90,5.20,3.61,-7.21,5.19,-0.00,-7.21,5.19,-0.00,-7.12,5.20,0.11,-7.12,5.20,0.11,
-6.08,4.25,2.14,-6.08,4.25,2.14,-7.78,3.71,0.32,-7.78,3.71,0.32,-7.76,3.60,0.38,-7.76,3.60,0.38,
-7.30,2.47,-3.54,-7.30,2.47,-3.54,-6.80,4.45,0.55,-6.80,4.45,0.55,-6.92,4.53,0.55,-6.92,4.53,0.55,
-7.84,1.47,-6.42,-7.84,1.47,-6.42,-8.50,4.28,2.16,-8.50,4.28,2.16,-8.43,4.50,2.15,-8.43,4.50,2.15,
-6.88,0.51,-8.36,-6.88,0.51,-8.36,-8.07,4.34,1.98,-8.07,4.34,1.98,-8.22,4.43,1.99,-8.22,4.43,1.99,
-6.91,0.54,-8.89,-6.91,0.54,-8.89,-8.86,4.97,2.01,-8.86,4.97,2.01,-8.94,5.06,2.00,-8.94,5.06,2.00,
-6.36,0.87,-7.05,-6.36,0.87,-7.05,-7.72,4.88,2.73,-7.72,4.88,2.73,-7.66,5.07,2.59,-7.66,5.07,2.59,

-0.79,9.41,2.29,-0.79,9.41,2.29,-2.12,9.30,-1.17,-2.12,9.30,-1.17,-2.03,9.30,-1.17,-2.03,9.30,-1.17,
-0.56,9.99,1.75,-0.56,9.99,1.75,-2.08,9.84,-1.31,-2.08,9.84,-1.31,-2.02,9.90,-1.18,-2.02,9.90,-1.18,
-0.63,9.77,1.59,-0.63,9.77,1.59,-2.21,9.57,-1.03,-2.21,9.57,-1.03,-2.23,9.56,-1.19,-2.23,9.56,-1.19,
-1.49,8.93,1.57,-1.49,8.93,1.57,-1.28,9.58,-0.37,-1.28,9.58,-0.37,-1.34,9.51,-0.43,-1.34,9.51,-0.43,
-3.37,10.16,2.42,-3.37,10.16,2.42,-2.99,9.86,-0.54,-2.99,9.86,-0.54,-2.99,9.86,-0.53,-2.99,9.86,-0.53,
-7.62,10.62,2.59,-7.62,10.62,2.59,-4.84,9.80,1.28,-4.84,9.80,1.28,-4.82,9.93,1.24,-4.82,9.93,1.24,
-6.53,9.64,6.48,-6.53,9.64,6.48,-3.94,9.83,0.81,-3.94,9.83,0.81,-3.92,9.83,0.84,-3.92,9.83,0.84,
-5.63,8.45,5.64,-5.63,8.45,5.64,-4.83,9.13,-0.39,-4.83,9.13,-0.39,-5.29,8.95,-0.12,-5.29,8.95,-0.12,
-5.01,5.05,3.73,-5.01,5.05,3.73,-6.28,5.75,1.31,-6.28,5.75,1.31,-6.46,5.91,1.13,-6.46,5.91,1.13,
-7.33,4.75,0.61,-7.33,4.75,0.61,-7.00,5.48,1.57,-7.00,5.48,1.57,-6.97,5.38,1.62,-6.97,5.38,1.62,
-7.18,2.70,-4.97,-7.18,2.70,-4.97,-8.38,4.94,2.18,-8.38,4.94,2.18,-8.16,4.92,2.12,-8.16,4.92,2.12,
-5.05,-0.64,-8.20,-5.05,-0.64,-8.20,-7.87,4.33,4.98,-7.87,4.33,4.98,-8.26,4.04,5.54,-8.26,4.04,5.54,
-5.68,-0.74,-10.46,-5.68,-0.74,-10.46,-7.05,5.53,5.18,-7.05,5.53,5.18,-7.11,5.81,5.35,-7.11,5.81,5.35,
-7.03,0.83,-7.30,-7.03,0.83,-7.30,-5.98,6.14,3.92,-5.98,6.14,3.92,-5.87,6.20,3.88,-5.87,6.20,3.88,
-4.70,1.57,-5.58,-4.70,1.57,-5.58,-5.49,5.12,3.50,-5.49,5.12,3.50,-5.45,5.08,3.51,-5.45,5.08,3.51,

-0.00,-0.00,-0.00,-0.00,-0.00,-0.00,-1.50,9.84,1.96,-1.50,9.84,1.96,-1.47,9.79,2.10,-1.47,9.79,2.10,
-8.93,6.66,6.40,-8.93,6.66,6.40,-2.79,8.50,1.37,-2.79,8.50,1.37,-2.88,8.71,1.63,-2.88,8.71,1.63,
-0.00,-0.00,-0.00,-0.00,-0.00,-0.00,-3.55,9.55,1.73,-3.55,9.55,1.73,-3.83,9.47,1.65,-3.83,9.47,1.65,
-8.05,7.23,4.89,-8.05,7.23,4.89,-5.15,8.53,3.01,-5.15,8.53,3.01,-5.18,8.21,3.14,-5.18,8.21,3.14,
19.45,7.53,4.00,19.45,7.53,4.00,-7.07,7.90,1.65,-7.07,7.90,1.65,-7.00,7.91,1.45,-7.00,7.91,1.45,
-5.90,6.26,2.91,-5.90,6.26,2.91,-6.53,6.39,-0.37,-6.53,6.39,-0.37,-6.55,6.52,-0.28,-6.55,6.52,-0.28,
-5.42,4.35,-0.47,-5.42,4.35,-0.47,-6.45,4.18,-0.63,-6.45,4.18,-0.63,-6.57,4.13,-0.54,-6.57,4.13,-0.54,
-6.89,2.89,-4.44,-6.89,2.89,-4.44,-8.35,4.90,2.01,-8.35,4.90,2.01,-8.34,5.14,2.01,-8.34,5.14,2.01,
-6.46,-0.77,-9.04,-6.46,-0.77,-9.04,-7.68,4.97,3.60,-7.68,4.97,3.60,-7.31,5.01,3.35,-7.31,5.01,3.35,
-6.08,0.34,-8.86,-6.08,0.34,-8.86,-7.28,5.92,2.82,-7.28,5.92,2.82,-7.31,5.82,2.71,-7.31,5.82,2.71,
-5.83,1.49,-4.92,-5.83,1.49,-4.92,-5.25,5.37,2.94,-5.25,5.37,2.94,-5.34,5.99,2.63,-5.34,5.99,2.63,

-1.30,9.41,1.20,-1.30,9.41,1.20,-1.89,9.32,0.05,-1.89,9.32,0.05,-1.97,9.48,0.22,-1.97,9.48,0.22,
-0.78,9.27,1.16,-0.78,9.27,1.16,-1.58,9.33,0.03,-1.58,9.33,0.03,-1.61,9.33,0.01,-1.61,9.33,0.01,
-0.86,9.32,1.20,-0.86,9.32,1.20,-1.63,9.29,-0.21,-1.63,9.29,-0.21,-1.65,9.24,-0.29,-1.65,9.24,-0.29,
-1.01,10.10,0.25,-1.01,10.10,0.25,-1.37,9.95,-1.09,-1.37,9.95,-1.09,-1.30,9.93,-1.23,-1.30,9.93,-1.23,
-3.79,9.24,0.92,-3.79,9.24,0.92,-2.25,9.63,-1.03,-2.25,9.63,-1.03,-2.27,9.72,-0.86,-2.27,9.72,-0.86,
-11.41,10.45,2.45,-11.41,10.45,2.45,-4.26,10.11,0.42,-4.26,10.11,0.42,-4.49,10.28,0.36,-4.49,10.28,0.36,
-7.62,11.15,3.80,-7.62,11.15,3.80,-6.77,13.20,8.75,-6.77,13.20,8.75,-6.25,12.73,8.45,-6.25,12.73,8.45,
-0.00,-0.00,-0.00,-0.00,-0.00,-0.00,-4.56,8.46,-0.40,-4.56,8.46,-0.40,-4.46,8.21,-0.29,-4.46,8.21,-0.29,
-5.76,6.45,3.68,-5.76,6.45,3.68,-6.01,8.02,-0.11,-6.01,8.02,-0.11,-6.02,7.48,-0.01,-6.02,7.48,-0.01,
-7.77,3.66,-1.58,-7.77,3.66,-1.58,-7.23,4.97,0.98,-7.23,4.97,0.98,-7.22,4.92,0.85,-7.22,4.92,0.85,
-7.13,1.03,-6.23,-7.13,1.03,-6.23,-7.46,4.45,1.31,-7.46,4.45,1.31,-7.38,4.56,1.23,-7.38,4.56,1.23,
-5.86,-0.36,-8.31,-5.86,-0.36,-8.31,-8.40,4.27,1.82,-8.40,4.27,1.82,-8.33,4.42,1.89,-8.33,4.42,1.89,
-7.51,-0.98,-7.04,-7.51,-0.98,-7.04,-7.85,5.18,2.70,-7.85,5.18,2.70,-7.96,5.17,2.73,-7.96,5.17,2.73,
-8.63,-0.43,-5.48,-8.63,-0.43,-5.48,-7.24,5.58,2.98,-7.24,5.58,2.98,-7.17,5.50,3.04,-7.17,5.50,3.04,
-5.92,0.80,-4.42,-5.92,0.80,-4.42,-6.03,5.10,2.61,-6.03,5.10,2.61,-5.91,5.19,2.65,-5.91,5.19,2.65,
-6.14,1.81,-4.37,-6.14,1.81,-4.37,-4.87,7.86,3.49,-4.87,7.86,3.49,-4.85,8.11,3.53,-4.85,8.11,3.53,
-7.64,5.27,-2.56,-7.64,5.27,-2.56,-3.71,8.84,3.00,-3.71,8.84,3.00,-3.42,8.79,2.81,-3.42,8.79,2.81,
-0.00,-0.00,-0.00,-0.00,-0.00,-0.00,-1.97,8.69,2.46,-1.97,8.69,2.46,-2.21,8.62,2.08,-2.21,8.62,2.08,
-3.98,10.11,3.91,-3.98,10.11,3.91,-2.67,9.79,1.84,-2.67,9.79,1.84,-2.89,9.94,1.79,-2.89,9.94,1.79,
-0.72,8.81,8.21,-0.72,8.81,8.21,-0.26,9.96,1.96,-0.26,9.96,1.96,-0.24,9.71,1.71,-0.24,9.71,1.71,

-8.37,8.12,4.29,-8.37,8.12,4.29,-4.43,8.60,2.18,-4.43,8.60,2.18,-4.60,9.04,1.80,-4.60,9.04,1.80,
-8.14,6.20,3.52,-8.14,6.20,3.52,-5.99,6.37,1.20,-5.99,6.37,1.20,-6.01,6.65,1.29,-6.01,6.65,1.29,
-7.13,5.14,2.84,-7.13,5.14,2.84,-6.71,5.64,0.78,-6.71,5.64,0.78,-6.67,5.62,0.81,-6.67,5.62,0.81,
-6.28,4.54,1.04,-6.28,4.54,1.04,-7.10,4.63,1.43,-7.10,4.63,1.43,-7.08,4.80,1.54,-7.08,4.80,1.54,
-0.00,-0.00,-0.00,-0.00,-0.00,-0.00,-8.15,4.33,1.16,-8.15,4.33,1.16,-8.28,4.37,1.09,-8.28,4.37,1.09,
-6.34,1.46,-6.04,-6.34,1.46,-6.04,-7.18,4.16,1.63,-7.18,4.16,1.63,-7.57,4.48,1.79,-7.57,4.48,1.79,
-7.49,-0.01,-7.24,-7.49,-0.01,-7.24,-7.73,6.11,3.21,-7.73,6.11,3.21,-7.40,6.15,3.41,-7.40,6.15,3.41,
-7.12,-0.05,-7.39,-7.12,-0.05,-7.39,-5.95,5.82,4.02,-5.95,5.82,4.02,-6.18,5.83,4.13,-6.18,5.83,4.13,
-6.69,1.19,-5.80,-6.69,1.19,-5.80,-6.23,5.28,3.21,-6.23,5.28,3.21,-6.24,5.13,3.18,-6.24,5.13,3.18,
-5.03,2.23,-3.72,-5.03,2.23,-3.72,-5.93,7.14,3.42,-5.93,7.14,3.42,-5.95,7.26,3.44,-5.95,7.26,3.44,
-6.49,2.26,-2.89,-6.49,2.26,-2.89,-2.59,7.88,4.74,-2.59,7.88,4.74,-2.59,7.72,4.81,-2.59,7.72,4.81,
-8.08,6.91,-2.39,-8.08,6.91,-2.39,-2.84,9.29,4.57,-2.84,9.29,4.57,-2.73,9.33,4.33,-2.73,9.33,4.33,
-6.23,10.81,3.74,-6.23,10.81,3.74,-1.59,8.97,4.58,-1.59,8.97,4.58,-1.62,8.58,4.64,-1.62,8.58,4.64,

-4.78,8.44,4.41,-4.78,8.44,4.41,-3.29,9.05,1.18,-3.29,9.05,1.18,-3.36,8.90,1.42,-3.36,8.90,1.42,
-0.00,-0.00,-0.00,-0.00,-0.00,-0.00,-2.15,9.91,0.38,-2.15,9.91,0.38,-2.02,9.83,0.53,-2.02,9.83,0.53,
-3.81,8.65,5.08,-3.81,8.65,5.08,-2.60,9.38,1.03,-2.60,9.38,1.03,-2.52,9.33,1.21,-2.52,9.33,1.21,
-5.87,8.56,3.92,-5.87,8.56,3.92,-2.24,9.28,1.98,-2.24,9.28,1.98,-2.40,9.32,2.14,-2.40,9.32,2.14,
-11.65,10.64,2.81,-11.65,10.64,2.81,-6.03,10.89,2.03,-6.03,10.89,2.03,-5.95,10.99,2.01,-5.95,10.99,2.01,
-6.56,9.30,6.77,-6.56,9.30,6.77,-3.96,9.93,2.46,-3.96,9.93,2.46,-4.04,10.00,2.47,-4.04,10.00,2.47,
-6.13,6.91,5.08,-6.13,6.91,5.08,-6.77,6.90,1.87,-6.77,6.90,1.87,-6.91,6.75,2.01,-6.91,6.75,2.01,
-5.49,5.07,3.18,-5.49,5.07,3.18,-8.11,4.74,0.89,-8.11,4.74,0.89,-8.05,4.93,0.34,-8.05,4.93,0.34,
-7.52,4.13,-1.03,-7.52,4.13,-1.03,-8.83,4.18,-0.67,-8.83,4.18,-0.67,-9.01,4.00,-0.30,-9.01,4.00,-0.30,
-8.11,0.62,-6.36,-8.11,0.62,-6.36,-8.18,3.79,1.38,-8.18,3.79,1.38,-8.13,3.76,1.31,-8.13,3.76,1.31,
-7.73,0.43,-8.05,-7.73,0.43,-8.05,-9.07,4.80,1.80,-9.07,4.80,1.80,-8.97,4.76,1.80,-8.97,4.76,1.80,
-8.86,-0.42,-7.62,-8.86,-0.42,-7.62,-8.62,5.37,2.62,-8.62,5.37,2.62,-8.49,5.36,2.67,-8.49,5.36,2.67,
-8.54,-0.31,-5.89,-8.54,-0.31,-5.89,-7.24,5.51,2.54,-7.24,5.51,2.54,-7.22,5.42,2.53,-7.22,5.42,2.53,
-5.58,1.59,-5.03,-5.58,1.59,-5.03,-6.83,4.90,1.88,-6.83,4.90,1.88,-6.85,4.98,1.86,-6.85,4.98,1.86,
-5.66,2.06,-5.01,-5.66,2.06,-5.01,-6.32,6.78,4.22,-6.32,6.78,4.22,-6.39,6.69,4.19,-6.39,6.69,4.19,
-9.32,5.33,-4.86,-9.32,5.33,-4.86,-3.36,8.29,3.05,-3.36,8.29,3.05,-3.25,8.32,2.88,-3.25,8.32,2.88,
-9.42,6.70,-2.28,-9.42,6.70,-2.28,-2.44,9.65,1.69,-2.44,9.65,1.69,-2.37,9.58,1.73,-2.37,9.58,1.73,
-8.65,7.92,1.19,-8.65,7.92,1.19,-1.53,9.89,1.02,-1.53,9.89,1.02,-1.42,9.95,0.93,-1.42,9.95,0.93,

-1.44,9.54,1.91,-1.44,9.54,1.91,-1.84,9.77,-0.07,-1.84,9.77,-0.07,-1.81,9.74,-0.04,-1.81,9.74,-0.04,
-1.51,9.31,2.07,-1.51,9.31,2.07,-1.54,9.66,0.37,-1.54,9.66,0.37,-1.56,9.57,0.56,-1.56,9.57,0.56,
-2.04,9.53,1.82,-2.04,9.53,1.82,-2.15,9.52,0.11,-2.15,9.52,0.11,-2.25,9.42,0.09,-2.25,9.42,0.09,
-1.76,9.23,2.17,-1.76,9.23,2.17,-2.20,9.25,-0.39,-2.20,9.25,-0.39,-2.25,9.31,-0.25,-2.25,9.31,-0.25,
-4.15,8.51,2.25,-4.15,8.51,2.25,-2.72,8.90,0.15,-2.72,8.90,0.15,-2.69,8.59,0.20,-2.69,8.59,0.20,
-9.95,8.93,3.03,-9.95,8.93,3.03,-7.28,10.05,1.81,-7.28,10.05,1.81,-6.87,9.98,1.70,-6.87,9.98,1.70,
-7.69,8.55,5.85,-7.69,8.55,5.85,-5.49,9.34,3.95,-5.49,9.34,3.95,-5.87,9.79,5.10,-5.87,9.79,5.10,
-7.04,7.79,4.20,-7.04,7.79,4.20,-5.17,7.61,-0.47,-5.17,7.61,-0.47,-5.37,7.65,-0.38,-5.37,7.65,-0.38,
-6.93,7.38,1.71,-6.93,7.38,1.71,-6.93,6.58,-0.86,-6.93,6.58,-0.86,-6.91,6.72,-0.64,-6.91,6.72,-0.64,
-7.53,5.71,-1.75,-7.53,5.71,-1.75,-7.50,6.21,0.47,-7.50,6.21,0.47,-7.57,6.15,0.49,-7.57,6.15,0.49,
-6.88,2.10,-5.39,-6.88,2.10,-5.39,-7.42,4.64,2.20,-7.42,4.64,2.20,-7.15,5.07,1.83,-7.15,5.07,1.83,
-6.63,-1.00,-8.15,-6.63,-1.00,-8.15,-8.02,5.36,1.97,-8.02,5.36,1.97,-8.06,5.51,1.93,-8.06,5.51,1.93,
-7.83,-0.49,-5.43,-7.83,-0.49,-5.43,-7.44,5.94,2.58,-7.44,5.94,2.58,-7.41,5.97,2.64,-7.41,5.97,2.64,
-7.46,0.42,-4.07,-7.46,0.42,-4.07,-6.04,5.96,2.69,-6.04,5.96,2.69,-5.91,5.92,2.69,-5.91,5.92,2.69,
-4.73,1.60,-4.31,-4.73,1.60,-4.31,-5.73,6.20,3.07,-5.73,6.20,3.07,-5.70,6.25,3.49,-5.70,6.25,3.49,

-0.00,-0.00,-0.00,-0.00,-0.00,-0.00,-1.45,9.68,0.47,-1.45,9.68,0.47,-1.47,9.71,0.46,-1.47,9.71,0.46,
-1.63,9.21,2.87,-1.63,9.21,2.87,-1.39,9.69,0.25,-1.39,9.69,0.25,-1.44,9.68,0.23,-1.44,9.68,0.23,
-1.71,9.23,3.01,-1.71,9.23,3.01,-2.04,9.49,0.86,-2.04,9.49,0.86,-2.10,9.51,0.86,-2.10,9.51,0.86,
-10.41,7.38,2.23,-10.41,7.38,2.23,-1.84,9.76,1.33,-1.84,9.76,1.33,-1.90,10.02,1.35,-1.90,10.02,1.35,
-10.54,9.16,4.80,-10.54,9.16,4.80,-1.81,12.99,6.45,-1.81,12.99,6.45,-2.51,13.29,8.18,-2.51,13.29,8.18,
-0.00,-0.00,-0.00,-0.00,-0.00,-0.00,-4.50,8.86,2.57,-4.50,8.86,2.57,-4.70,8.92,2.59,-4.70,8.92,2.59,
-5.59,5.02,4.06,-5.59,5.02,4.06,-6.31,5.70,0.69,-6.31,5.70,0.69,-6.71,5.87,0.70,-6.71,5.87,0.70,
-6.55,4.00,2.55,-6.55,4.00,2.55,-7.25,4.99,0.09,-7.25,4.99,0.09,-7.29,5.03,-0.12,-7.29,5.03,-0.12,
-8.34,3.97,0.16,-8.34,3.97,0.16,-7.06,5.74,1.34,-7.06,5.74,1.34,-7.12,5.83,1.48,-7.12,5.83,1.48,
-9.40,2.07,-5.09,-9.40,2.07,-5.09,-7.91,5.97,2.18,-7.91,5.97,2.18,-8.01,5.83,2.47,-8.01,5.83,2.47,
-7.79,1.34,-7.72,-7.79,1.34,-7.72,-8.30,5.01,2.25,-8.30,5.01,2.25,-8.47,5.02,2.30,-8.47,5.02,2.30,
-8.48,0.69,-4.42,-8.48,0.69,-4.42,-7.59,6.38,3.65,-7.59,6.38,3.65,-7.55,6.37,3.79,-7.55,6.37,3.79,
-7.65,0.94,-3.52,-7.65,0.94,-3.52,-6.13,5.40,2.93,-6.13,5.40,2.93,-6.14,5.41,2.94,-6.14,5.41,2.94,
-5.75,1.91,-3.26,-5.75,1.91,-3.26,-5.86,6.75,2.86,-5.86,6.75,2.86,-5.82,6.88,2.86,-5.82,6.88,2.86,
-6.65,4.26,-0.94,-6.65,4.26,-0.94,-4.75,7.87,3.43,-4.75,7.87,3.43,-4.35,7.54,3.45,-4.35,7.54,3.45,

-1.71,9.18,2.43,-1.71,9.18,2.43,-1.56,9.50,0.61,-1.56,9.50,0.61,-1.56,9.64,0.53,-1.56,9.64,0.53,
-1.74,9.25,2.37,-1.74,9.25,2.37,-1.77,9.60,0.44,-1.77,9.60,0.44,-1.77,9.56,0.44,-1.77,9.56,0.44,
-2.19,9.45,2.28,-2.19,9.45,2.28,-2.02,9.62,0.52,-2.02,9.62,0.52,-1.94,9.66,0.60,-1.94,9.66,0.60,
-4.67,8.28,1.34,-4.67,8.28,1.34,-1.89,9.28,0.97,-1.89,9.28,0.97,-1.87,9.38,1.17,-1.87,9.38,1.17,
-10.01,9.99,5.28,-10.01,9.99,5.28,-1.90,10.91,0.96,-1.90,10.91,0.96,-1.46,11.69,1.10,-1.46,11.69,1.10,
-0.00,-0.00,-0.00,-0.00,-0.00,-0.00,-3.92,9.64,1.77,-3.92,9.64,1.77,-3.72,9.53,1.85,-3.72,9.53,1.85,
-5.62,6.81,3.99,-5.62,6.81,3.99,-5.17,7.21,-0.11,-5.17,7.21,-0.11,-5.29,7.34,-0.09,-5.29,7.34,-0.09,
-5.49,4.23,3.21,-5.49,4.23,3.21,-7.10,4.97,0.60,-7.10,4.97,0.60,-7.12,4.88,0.66,-7.12,4.88,0.66,
-7.78,2.41,0.01,-7.78,2.41,0.01,-7.59,3.98,1.42,-7.59,3.98,1.42,-7.38,3.97,1.28,-7.38,3.97,1.28,
-9.07,1.33,-3.85,-9.07,1.33,-3.85,-8.58,4.43,1.80,-8.58,4.43,1.80,-8.45,4.46,1.72,-8.45,4.46,1.72,
-8.93,0.98,-5.79,-8.93,0.98,-5.79,-8.58,4.63,1.18,-8.58,4.63,1.18,-8.49,4.64,1.16,-8.49,4.64,1.16,
-9.22,0.53,-5.33,-9.22,0.53,-5.33,-8.32,5.23,2.23,-8.32,5.23,2.23,-8.36,5.25,2.18,-8.36,5.25,2.18,
-8.81,1.26,-4.34,-8.81,1.26,-4.34,-7.73,5.50,2.19,-7.73,5.50,2.19,-7.76,5.49,2.11,-7.76,5.49,2.11,
-4.97,2.40,-3.34,-4.97,2.40,-3.34,-6.78,5.58,1.51,-6.78,5.58,1.51,-6.93,5.42,1.47,-6.93,5.42,1.47,
-8.61,2.16,-5.27,-8.61,2.16,-5.27,-6.02,7.18,3.79,-6.02,7.18,3.79,-5.97,7.28,3.72,-5.97,7.28,3.72,
-10.24,5.27,-4.89,-10.24,5.27,-4.89,-3.32,9.09,3.60,-3.32,9.09,3.60,-3.33,8.90,3.37,-3.33,8.90,3.37,
-10.40,5.85,-2.37,-10.40,5.85,-2.37,-2.27,9.31,4.09,-2.27,9.31,4.09,-2.15,9.47,3.87,-2.15,9.47,3.87,

-2.56,9.25,1.87,-2.56,9.25,1.87,-1.60,9.58,0.73,-1.60,9.58,0.73,-1.58,9.57,0.82,-1.58,9.57,0.82,
-2.49,9.20,1.89,-2.49,9.20,1.89,-1.67,9.50,0.68,-1.67,9.50,0.68,-1.67,9.53,0.71,-1.67,9.53,0.71,
-2.51,9.22,2.07,-2.51,9.22,2.07,-1.68,9.53,0.67,-1.68,9.53,0.67,-1.76,9.54,0.61,-1.76,9.54,0.61,
-2.99,9.43,1.59,-2.99,9.43,1.59,-1.84,9.55,0.67,-1.84,9.55,0.67,-1.80,9.61,0.61,-1.80,9.61,0.61,
-3.46,8.39,-0.06,-3.46,8.39,-0.06,-1.48,9.59,1.28,-1.48,9.59,1.28,-1.44,9.78,1.32,-1.44,9.78,1.32,
-0.00,-0.00,-0.00,-0.00,-0.00,-0.00,-1.98,10.70,0.58,-1.98,10.70,0.58,-1.66,10.66,0.45,-1.66,10.66,0.45,
-8.40,9.56,3.98,-8.40,9.56,3.98,-3.85,10.91,2.50,-3.85,10.91,2.50,-4.01,10.74,2.61,-4.01,10.74,2.61,
-5.87,7.07,3.74,-5.87,7.07,3.74,-5.67,7.29,0.80,-5.67,7.29,0.80,-5.69,7.18,0.84,-5.69,7.18,0.84,
-5.74,4.20,3.45,-5.74,4.20,3.45,-7.06,5.55,1.02,-7.06,5.55,1.02,-7.04,5.44,0.96,-7.04,5.44,0.96,
-7.27,3.67,1.08,-7.27,3.67,1.08,-7.66,4.85,-0.23,-7.66,4.85,-0.23,-7.85,4.79,-0.20,-7.85,4.79,-0.20,
-8.69,2.66,-4.82,-8.69,2.66,-4.82,-8.11,5.24,1.17,-8.11,5.24,1.17,-8.05,5.04,1.09,-8.05,5.04,1.09,
-8.22,2.08,-6.00,-8.22,2.08,-6.00,-7.68,4.98,2.10,-7.68,4.98,2.10,-7.77,5.06,1.93,-7.77,5.06,1.93,
-8.74,1.36,-5.80,-8.74,1.36,-5.80,-8.10,5.80,2.68,-8.10,5.80,2.68,-7.93,5.73,2.40,-7.93,5.73,2.40,
-8.99,1.00,-4.77,-8.99,1.00,-4.77,-7.62,5.85,2.94,-7.62,5.85,2.94,-7.52,5.75,2.93,-7.52,5.75,2.93,
-7.19,3.08,-3.22,-7.19,3.08,-3.22,-6.78,6.17,2.35,-6.78,6.17,2.35,-6.81,6.17,2.33,-6.81,6.17,2.33,
-4.63,3.36,-5.01,-4.63,3.36,-5.01,-5.79,5.99,2.35,-5.79,5.99,2.35,-5.93,5.87,2.50,-5.93,5.87,2.50,
-7.86,4.88,-4.10,-7.86,4.88,-4.10,-3.25,8.57,1.79,-3.25,8.57,1.79,-3.13,8.50,1.35,-3.13,8.50,1.35,

-1.46,9.32,2.85,-1.46,9.32,2.85,-1.50,9.57,0.71,-1.50,9.57,0.71,-1.56,9.58,0.68,-1.56,9.58,0.68,
-1.63,9.19,2.34,-1.63,9.19,2.34,-1.57,9.54,0.59,-1.57,9.54,0.59,-1.55,9.50,0.62,-1.55,9.50,0.62,
-1.85,9.09,2.51,-1.85,9.09,2.51,-1.69,9.35,1.00,-1.69,9.35,1.00,-1.70,9.46,0.94,-1.70,9.46,0.94,
-4.20,9.38,1.13,-4.20,9.38,1.13,-1.28,10.26,0.90,-1.28,10.26,0.90,-1.29,10.29,0.72,-1.29,10.29,0.72,
-7.79,10.21,4.96,-7.79,10.21,4.96,-1.96,11.07,-0.01,-1.96,11.07,-0.01,-1.67,11.21,-0.03,-1.67,11.21,-0.03,
-0.00,-0.00,-0.00,-0.00,-0.00,-0.00,-3.33,8.65,2.83,-3.33,8.65,2.83,-3.41,8.99,2.91,-3.41,8.99,2.91,
-5.72,6.87,4.73,-5.72,6.87,4.73,-5.75,6.85,0.89,-5.75,6.85,0.89,-5.85,6.89,0.72,-5.85,6.89,0.72,
-6.12,4.57,2.49,-6.12,4.57,2.49,-7.36,4.80,1.01,-7.36,4.80,1.01,-7.47,4.80,1.15,-7.47,4.80,1.15,
-7.74,2.28,-1.76,-7.74,2.28,-1.76,-7.90,4.45,2.40,-7.90,4.45,2.40,-7.91,4.27,2.18,-7.91,4.27,2.18,
-8.06,0.26,-5.23,-8.06,0.26,-5.23,-7.92,4.61,2.19,-7.92,4.61,2.19,-8.00,4.85,2.15,-8.00,4.85,2.15,
-7.73,0.69,-7.11,-7.73,0.69,-7.11,-8.13,4.71,2.23,-8.13,4.71,2.23,-8.18,4.81,2.15,-8.18,4.81,2.15,
-8.15,0.78,-6.13,-8.15,0.78,-6.13,-8.02,5.28,2.44,-8.02,5.28,2.44,-8.06,5.31,2.51,-8.06,5.31,2.51,
-6.64,1.79,-5.13,-6.64,1.79,-5.13,-6.64,5.52,2.67,-6.64,5.52,2.67,-6.56,5.39,2.60,-6.56,5.39,2.60,
-5.63,3.13,-5.15,-5.63,3.13,-5.15,-4.57,7.88,3.06,-4.57,7.88,3.06,-4.42,8.09,3.35,-4.42,8.09,3.35,
-0.00,-0.00,-0.00,-0.00,-0.00,-0.00,0.18,9.57,0.08,0.18,9.57,0.08,-0.21,10.63,-0.41,-0.21,10.63,-0.41,

-0.94,9.49,1.81,-0.94,9.49,1.81,-1.60,9.56,0.27,-1.60,9.56,0.27,-1.48,9.59,0.20,-1.48,9.59,0.20,
-1.18,9.52,1.93,-1.18,9.52,1.93,-1.56,9.57,0.18,-1.56,9.57,0.18,-1.56,9.63,0.14,-1.56,9.63,0.14,
-1.83,9.43,2.07,-1.83,9.43,2.07,-1.69,9.61,0.77,-1.69,9.61,0.77,-1.74,9.60,0.78,-1.74,9.60,0.78,
-3.85,9.60,1.36,-3.85,9.60,1.36,-1.89,10.45,0.44,-1.89,10.45,0.44,-1.94,10.46,0.27,-1.94,10.46,0.27,
-8.34,8.87,4.85,-8.34,8.87,4.85,-2.97,10.28,0.63,-2.97,10.28,0.63,-3.20,10.48,0.43,-3.20,10.48,0.43,
-8.49,8.31,3.58,-8.49,8.31,3.58,-4.02,9.20,1.75,-4.02,9.20,1.75,-4.13,9.39,1.82,-4.13,9.39,1.82,
-5.77,7.36,3.79,-5.77,7.36,3.79,-5.28,7.27,1.29,-5.28,7.27,1.29,-5.33,7.15,1.25,-5.33,7.15,1.25,
-5.86,4.69,2.85,-5.86,4.69,2.85,-7.14,5.53,1.10,-7.14,5.53,1.10,-7.13,5.45,0.83,-7.13,5.45,0.83,
-7.57,3.95,0.56,-7.57,3.95,0.56,-7.25,5.41,2.04,-7.25,5.41,2.04,-7.38,5.41,2.42,-7.38,5.41,2.42,
-8.16,2.31,-2.87,-8.16,2.31,-2.87,-6.69,5.63,1.75,-6.69,5.63,1.75,-6.63,5.59,1.82,-6.63,5.59,1.82,
-8.27,1.56,-6.09,-8.27,1.56,-6.09,-7.58,5.82,3.38,-7.58,5.82,3.38,-7.37,5.81,3.24,-7.37,5.81,3.24,
-8.55,1.82,-6.74,-8.55,1.82,-6.74,-6.56,6.90,2.81,-6.56,6.90,2.81,-6.48,6.76,2.67,-6.48,6.76,2.67,
-8.89,1.99,-4.67,-8.89,1.99,-4.67,-6.09,7.16,3.13,-6.09,7.16,3.13,-6.07,7.35,3.18,-6.07,7.35,3.18,
-6.71,2.83,-4.29,-6.71,2.83,-4.29,-4.88,6.38,2.50,-4.88,6.38,2.50,-4.75,6.37,2.35,-4.75,6.37,2.35,
-6.13,3.98,-5.18,-6.13,3.98,-5.18,-5.25,6.83,3.16,-5.25,6.83,3.16,-5.50,6.67,2.90,-5.50,6.67,2.90,
-8.58,4.89,-1.82,-8.58,4.89,-1.82,-3.23,9.42,3.00,-3.23,9.42,3.00,-3.22,9.79,3.06,-3.22,9.79,3.06,
-7.46,7.02,0.20,-7.46,7.02,0.20,-0.51,9.16,2.24,-0.51,9.16,2.24,-0.54,9.05,2.26,-0.54,9.05,2.26,
-6.45,9.51,4.66,-6.45,9.51,4.66,-1.07,10.43,1.03,-1.07,10.43,1.03,-1.48,9.94,0.82,-1.48,9.94,0.82,
-2.27,8.09,3.90,-2.27,8.09,3.90,-0.82,9.31,1.09,-0.82,9.31,1.09,-0.49,9.31,1.11,-0.49,9.31,1.11,

-1.27,9.20,3.03,-1.27,9.20,3.03,-1.68,9.48,0.51,-1.68,9.48,0.51,-1.70,9.48,0.54,-1.70,9.48,0.54,
-1.02,9.02,3.72,-1.02,9.02,3.72,-2.07,9.33,0.47,-2.07,9.33,0.47,-2.07,9.30,0.41,-2.07,9.30,0.41,
-1.60,9.10,3.31,-1.60,9.10,3.31,-1.94,9.39,0.65,-1.94,9.39,0.65,-1.90,9.38,0.64,-1.90,9.38,0.64,
-4.84,8.83,2.70,-4.84,8.83,2.70,-3.08,9.63,0.51,-3.08,9.63,0.51,-2.91,9.56,0.25,-2.91,9.56,0.25,
-11.97,9.80,4.53,-11.97,9.80,4.53,-3.82,10.78,1.64,-3.82,10.78,1.64,-3.50,10.85,1.56,-3.50,10.85,1.56,
-7.43,10.19,5.13,-7.43,10.19,5.13,-4.48,9.43,2.55,-4.48,9.43,2.55,-4.47,9.26,2.50,-4.47,9.26,2.50,
-5.17,5.36,4.88,-5.17,5.36,4.88,-6.69,6.85,1.01,-6.69,6.85,1.01,-7.03,6.97,1.22,-7.03,6.97,1.22,
-5.32,2.48,2.24,-5.32,2.48,2.24,-7.27,3.59,-0.41,-7.27,3.59,-0.41,-7.30,3.61,-0.55,-7.30,3.61,-0.55,
-7.97,-0.56,-0.53,-7.97,-0.56,-0.53,-8.01,3.31,0.61,-8.01,3.31,0.61,-8.12,3.42,0.37,-8.12,3.42,0.37,
-9.49,-0.12,-2.76,-9.49,-0.12,-2.76,-8.59,3.76,0.51,-8.59,3.76,0.51,-8.57,3.93,0.48,-8.57,3.93,0.48,
-8.87,1.31,-4.87,-8.87,1.31,-4.87,-9.25,3.77,0.72,-9.25,3.77,0.72,-9.22,3.70,0.67,-9.22,3.70,0.67,
-8.91,0.68,-6.70,-8.91,0.68,-6.70,-9.06,4.51,0.77,-9.06,4.51,0.77,-9.01,4.61,0.74,-9.01,4.61,0.74,
-8.24,0.37,-5.18,-8.24,0.37,-5.18,-8.32,4.90,1.38,-8.32,4.90,1.38,-8.22,4.93,1.35,-8.22,4.93,1.35,
-6.50,1.08,-6.19,-6.50,1.08,-6.19,-7.49,4.76,0.78,-7.49,4.76,0.78,-7.61,4.78,0.83,-7.61,4.78,0.83,
-4.72,4.35,-3.79,-4.72,4.35,-3.79,-7.03,6.09,0.63,-7.03,6.09,0.63,-6.96,6.24,0.51,-6.96,6.24,0.51,
-10.36,4.90,-0.62,-10.36,4.90,-0.62,-6.08,8.76,2.67,-6.08,8.76,2.67,-5.75,8.56,2.99,-5.75,8.56,2.99,
-9.56,6.82,-1.77,-9.56,6.82,-1.77,-4.51,8.74,3.03,-4.51,8.74,3.03,-4.43,8.80,3.14,-4.43,8.80,3.14,

-2.41,9.19,2.00,-2.41,9.19,2.00,-1.94,9.49,0.38,-1.94,9.49,0.38,-1.85,9.35,0.29,-1.85,9.35,0.29,
-2.30,9.21,2.05,-2.30,9.21,2.05,-1.88,9.54,0.34,-1.88,9.54,0.34,-1.90,9.52,0.41,-1.90,9.52,0.41,
-2.64,9.31,1.95,-2.64,9.31,1.95,-1.90,9.32,0.62,-1.90,9.32,0.62,-1.87,9.39,0.66,-1.87,9.39,0.66,
-4.04,9.25,0.15,-4.04,9.25,0.15,-2.11,10.07,0.85,-2.11,10.07,0.85,-2.25,10.21,0.54,-2.25,10.21,0.54,
-11.14,10.17,2.18,-11.14,10.17,2.18,-4.67,10.51,2.13,-4.67,10.51,2.13,-4.15,10.57,1.79,-4.15,10.57,1.79,
-9.61,9.98,1.98,-9.61,9.98,1.98,-5.16,9.62,1.96,-5.16,9.62,1.96,-5.05,9.70,1.85,-5.05,9.70,1.85,
-5.95,6.93,3.23,-5.95,6.93,3.23,-6.05,6.71,0.33,-6.05,6.71,0.33,-5.98,6.66,-0.08,-5.98,6.66,-0.08,
-6.24,3.68,2.88,-6.24,3.68,2.88,-6.81,4.77,0.20,-6.81,4.77,0.20,-6.57,4.74,0.01,-6.57,4.74,0.01,
-6.19,3.01,2.23,-6.19,3.01,2.23,-7.45,3.45,0.50,-7.45,3.45,0.50,-7.48,3.49,0.60,-7.48,3.49,0.60,
-8.53,2.37,-2.61,-8.53,2.37,-2.61,-7.91,3.93,1.63,-7.91,3.93,1.63,-7.83,4.18,1.43,-7.83,4.18,1.43,
-8.74,2.78,-4.25,-8.74,2.78,-4.25,-8.86,5.09,1.85,-8.86,5.09,1.85,-8.82,5.20,1.91,-8.82,5.20,1.91,
-8.46,1.42,-7.79,-8.46,1.42,-7.79,-7.41,5.61,2.39,-7.41,5.61,2.39,-7.36,5.78,2.36,-7.36,5.78,2.36,
-0.00,-0.00,-0.00,-0.00,-0.00,-0.00,-7.76,6.18,2.27,-7.76,6.18,2.27,-7.75,6.13,2.20,-7.75,6.13,2.20,
-8.33,1.86,-5.07,-8.33,1.86,-5.07,-6.82,6.48,2.88,-6.82,6.48,2.88,-6.89,6.34,2.93,-6.89,6.34,2.93,
-4.97,3.60,-4.36,-4.97,3.60,-4.36,-5.78,6.23,2.27,-5.78,6.23,2.27,-6.01,6.16,2.33,-6.01,6.16,2.33,
-0.00,-0.00,-0.00,-0.00,-0.00,-0.00,-3.69,8.65,2.54,-3.69,8.65,2.54,-3.54,8.89,2.71,-3.54,8.89,2.71,
-9.39,4.91,-1.49,-9.39,4.91,-1.49,-1.67,9.15,3.19,-1.67,9.15,3.19,-1.55,8.98,3.25,-1.55,8.98,3.25,
-9.13,6.62,-1.49,-9.13,6.62,-1.49,-1.60,9.98,2.40,-1.60,9.98,2.40,-1.38,9.79,2.21,-1.38,9.79,2.21,

-1.52,9.26,2.31,-1.52,9.26,2.31,-1.71,9.52,0.23,-1.71,9.52,0.23,-1.76,9.56,0.25,-1.76,9.56,0.25,
-1.50,9.29,2.33,-1.50,9.29,2.33,-1.87,9.49,0.26,-1.87,9.49,0.26,-1.88,9.52,0.26,-1.88,9.52,0.26,
-1.48,9.34,2.41,-1.48,9.34,2.41,-1.76,9.50,0.18,-1.76,9.50,0.18,-1.76,9.48,0.22,-1.76,9.48,0.22,
-1.82,9.45,2.12,-1.82,9.45,2.12,-1.81,9.68,0.40,-1.81,9.68,0.40,-1.82,9.62,0.47,-1.82,9.62,0.47,
-3.17,8.96,2.48,-3.17,8.96,2.48,-1.73,9.26,0.78,-1.73,9.26,0.78,-1.69,9.35,0.96,-1.69,9.35,0.96,
-12.39,11.02,2.77,-12.39,11.02,2.77,-4.05,10.80,1.88,-4.05,10.80,1.88,-3.37,10.99,2.26,-3.37,10.99,2.26,
-8.13,10.03,2.04,-8.13,10.03,2.04,-3.56,10.13,2.57,-3.56,10.13,2.57,-3.65,9.89,2.45,-3.65,9.89,2.45,
-6.13,7.21,3.68,-6.13,7.21,3.68,-5.26,7.70,1.71,-5.26,7.70,1.71,-5.44,7.66,1.68,-5.44,7.66,1.68,
-5.14,3.80,3.00,-5.14,3.80,3.00,-6.47,4.41,-0.03,-6.47,4.41,-0.03,-6.59,4.12,-0.26,-6.59,4.12,-0.26,
-6.48,1.94,2.29,-6.48,1.94,2.29,-7.50,4.09,1.01,-7.50,4.09,1.01,-7.50,3.99,1.06,-7.50,3.99,1.06,
-9.80,1.13,-2.85,-9.80,1.13,-2.85,-8.00,4.04,2.08,-8.00,4.04,2.08,-7.99,4.27,1.75,-7.99,4.27,1.75,
-0.00,-0.00,-0.00,-0.00,-0.00,-0.00,-8.44,5.31,2.96,-8.44,5.31,2.96,-8.29,4.93,3.15,-8.29,4.93,3.15,
-8.52,2.55,-6.73,-8.52,2.55,-6.73,-8.34,5.53,2.53,-8.34,5.53,2.53,-8.26,5.61,2.73,-8.26,5.61,2.73,
-8.77,1.25,-6.36,-8.77,1.25,-6.36,-6.55,6.54,3.97,-6.55,6.54,3.97,-6.59,6.60,3.88,-6.59,6.60,3.88,
-8.46,2.01,-5.62,-8.46,2.01,-5.62,-6.02,6.85,3.51,-6.02,6.85,3.51,-5.95,6.78,3.52,-5.95,6.78,3.52,
-5.09,3.38,-4.42,-5.09,3.38,-4.42,-5.23,6.22,2.20,-5.23,6.22,2.20,-5.23,6.17,2.16,-5.23,6.17,2.16,
-7.04,4.20,-4.76,-7.04,4.20,-4.76,-5.57,7.50,3.31,-5.57,7.50,3.31,-5.81,7.59,3.20,-5.81,7.59,3.20,

-1.97,9.17,2.87,-1.97,9.17,2.87,-1.86,9.50,0.46,-1.86,9.50,0.46,-1.83,9.54,0.28,-1.83,9.54,0.28,
-2.03,9.16,2.71,-2.03,9.16,2.71,-1.82,9.51,0.51,-1.82,9.51,0.51,-1.83,9.53,0.47,-1.83,9.53,0.47,
-2.03,9.05,2.81,-2.03,9.05,2.81,-1.89,9.48,0.63,-1.89,9.48,0.63,-1.87,9.51,0.54,-1.87,9.51,0.54,
-1.77,9.35,1.77,-1.77,9.35,1.77,-2.38,9.92,0.13,-2.38,9.92,0.13,-2.18,9.87,0.24,-2.18,9.87,0.24,
-14.27,9.33,3.88,-14.27,9.33,3.88,-3.22,9.41,1.81,-3.22,9.41,1.81,-3.35,9.23,2.08,-3.35,9.23,2.08,
-9.19,9.67,4.87,-9.19,9.67,4.87,-2.47,11.77,2.09,-2.47,11.77,2.09,-2.76,11.82,2.47,-2.76,11.82,2.47,
-6.76,9.20,2.64,-6.76,9.20,2.64,-5.33,8.98,2.15,-5.33,8.98,2.15,-5.45,8.61,2.14,-5.45,8.61,2.14,
-4.73,4.64,3.18,-4.73,4.64,3.18,-6.36,6.33,0.75,-6.36,6.33,0.75,-6.21,5.99,0.67,-6.21,5.99,0.67,
-5.64,2.74,2.31,-5.64,2.74,2.31,-7.12,4.19,1.80,-7.12,4.19,1.80,-7.13,4.28,1.87,-7.13,4.28,1.87,
-8.50,1.23,-1.58,-8.50,1.23,-1.58,-8.14,4.17,2.48,-8.14,4.17,2.48,-8.12,4.06,2.28,-8.12,4.06,2.28,
-8.64,2.62,-3.57,-8.64,2.62,-3.57,-7.57,4.98,2.41,-7.57,4.98,2.41,-7.66,5.07,2.43,-7.66,5.07,2.43,
-8.22,1.32,-4.37,-8.22,1.32,-4.37,-6.71,5.45,3.65,-6.71,5.45,3.65,-6.63,5.07,3.72,-6.63,5.07,3.72,
-8.40,1.60,-7.21,-8.40,1.60,-7.21,-7.36,6.34,3.31,-7.36,6.34,3.31,-7.52,6.56,3.47,-7.52,6.56,3.47,
-8.02,1.78,-5.85,-8.02,1.78,-5.85,-6.75,6.56,3.82,-6.75,6.56,3.82,-6.88,6.47,3.66,-6.88,6.47,3.66,
-7.87,2.04,-5.07,-7.87,2.04,-5.07,-5.79,6.40,3.66,-5.79,6.40,3.66,-5.83,6.47,3.52,-5.83,6.47,3.52,
-4.66,4.04,-4.15,-4.66,4.04,-4.15,-5.98,6.22,2.52,-5.98,6.22,2.52,-6.14,6.13,2.58,-6.14,6.13,2.58,
